1.000000e-01,0.000000e+00,0.000000e+00
2.000000e-01,0.000000e+00,0.000000e+00
3.000000e-01,0.000000e+00,0.000000e+00
4.000000e-01,0.000000e+00,0.000000e+00
5.000000e-01,0.000000e+00,0.000000e+00
6.000000e-01,0.000000e+00,0.000000e+00
7.000000e-01,0.000000e+00,0.000000e+00
8.000000e-01,0.000000e+00,0.000000e+00
9.000000e-01,1.000000e+00,0.000000e+00
1.000000e+00,1.000000e+00,9.950661e-03
1.100000e+00,1.000000e+00,1.980231e-02
1.200000e+00,1.000000e+00,2.955592e-02
1.300000e+00,1.000000e+00,3.921248e-02
1.400000e+00,1.000000e+00,4.877295e-02
1.500000e+00,1.000000e+00,5.823829e-02
1.600000e+00,1.000000e+00,6.760944e-02
1.700000e+00,1.000000e+00,7.688735e-02
1.800000e+00,1.000000e+00,8.607293e-02
1.900000e+00,1.000000e+00,9.516711e-02
2.000000e+00,1.000000e+00,1.041708e-01
2.100000e+00,1.000000e+00,1.130849e-01
2.200000e+00,1.000000e+00,1.219103e-01
2.300000e+00,1.000000e+00,1.306479e-01
2.400000e+00,1.000000e+00,1.392985e-01
2.500000e+00,1.000000e+00,1.478630e-01
2.600000e+00,1.000000e+00,1.563424e-01
2.700000e+00,1.000000e+00,1.647373e-01
2.800000e+00,1.000000e+00,1.730487e-01
2.900000e+00,1.000000e+00,1.812774e-01
3.000000e+00,1.000000e+00,1.894243e-01
3.100000e+00,1.000000e+00,1.974900e-01
3.200000e+00,1.000000e+00,2.054755e-01
3.300000e+00,1.000000e+00,2.133816e-01
3.400000e+00,1.000000e+00,2.212090e-01
3.500000e+00,1.000000e+00,2.289584e-01
3.600000e+00,1.000000e+00,2.366308e-01
3.700000e+00,1.000000e+00,2.442268e-01
3.800000e+00,1.000000e+00,2.517473e-01
3.900000e+00,1.000000e+00,2.591929e-01
4.000000e+00,1.000000e+00,2.665644e-01
4.100000e+00,1.000000e+00,2.738626e-01
4.200000e+00,1.000000e+00,2.810881e-01
4.300000e+00,1.000000e+00,2.882418e-01
4.400000e+00,1.000000e+00,2.953242e-01
4.500000e+00,1.000000e+00,3.023362e-01
4.600000e+00,1.000000e+00,3.092784e-01
4.700000e+00,1.000000e+00,3.161516e-01
4.800000e+00,1.000000e+00,3.229563e-01
4.900000e+00,1.000000e+00,3.296934e-01
5.000000e+00,1.000000e+00,3.363634e-01
5.100000e+00,1.000000e+00,3.429670e-01
5.200000e+00,1.000000e+00,3.495049e-01
5.300000e+00,1.000000e+00,3.559777e-01
5.400000e+00,1.000000e+00,3.623862e-01
5.500000e+00,1.000000e+00,3.687309e-01
5.600000e+00,1.000000e+00,3.750124e-01
5.700000e+00,1.000000e+00,3.812315e-01
5.800000e+00,1.000000e+00,3.873886e-01
5.900000e+00,1.000000e+00,3.934845e-01
6.000000e+00,1.000000e+00,3.995197e-01
6.100000e+00,1.000000e+00,4.054949e-01
6.200000e+00,1.000000e+00,4.114106e-01
6.300000e+00,1.000000e+00,4.172675e-01
6.400000e+00,1.000000e+00,4.230661e-01
6.500000e+00,1.000000e+00,4.288069e-01
6.600000e+00,1.000000e+00,4.344907e-01
6.700000e+00,1.000000e+00,4.401179e-01
6.800000e+00,1.000000e+00,4.456891e-01
6.900000e+00,1.000000e+00,4.512048e-01
7.000000e+00,1.000000e+00,4.566657e-01
7.100000e+00,1.000000e+00,4.620722e-01
7.200000e+00,1.000000e+00,4.674250e-01
7.300000e+00,1.000000e+00,4.727245e-01
7.400000e+00,1.000000e+00,4.779712e-01
7.500000e+00,1.000000e+00,4.831657e-01
7.600000e+00,1.000000e+00,4.883086e-01
7.700000e+00,1.000000e+00,4.934002e-01
7.800000e+00,1.000000e+00,4.984412e-01
7.900000e+00,1.000000e+00,5.034321e-01
8.000000e+00,1.000000e+00,5.083733e-01
8.100000e+00,1.000000e+00,5.132653e-01
8.200000e+00,1.000000e+00,5.181086e-01
8.300000e+00,1.000000e+00,5.229037e-01
8.400000e+00,1.000000e+00,5.276512e-01
8.500000e+00,1.000000e+00,5.323513e-01
8.600000e+00,1.000000e+00,5.370048e-01
8.700000e+00,1.000000e+00,5.416119e-01
8.800000e+00,1.000000e+00,5.461731e-01
8.900000e+00,1.000000e+00,5.506890e-01
9.000000e+00,1.000000e+00,5.551600e-01
9.100000e+00,1.000000e+00,5.595864e-01
9.200000e+00,1.000000e+00,5.639688e-01
9.300000e+00,1.000000e+00,5.683076e-01
9.400000e+00,1.000000e+00,5.726032e-01
9.500000e+00,1.000000e+00,5.768561e-01
9.600000e+00,1.000000e+00,5.810667e-01
9.700000e+00,1.000000e+00,5.852353e-01
9.800000e+00,1.000000e+00,5.893625e-01
9.900000e+00,1.000000e+00,5.934486e-01
1.000000e+01,1.000000e+00,5.974941e-01
1.010000e+01,1.000000e+00,6.014993e-01
1.020000e+01,1.000000e+00,6.054646e-01
1.030000e+01,1.000000e+00,6.093905e-01
1.040000e+01,1.000000e+00,6.132773e-01
1.050000e+01,1.000000e+00,6.171255e-01
1.060000e+01,1.000000e+00,6.209353e-01
1.070000e+01,1.000000e+00,6.247073e-01
1.080000e+01,1.000000e+00,6.284417e-01
1.090000e+01,1.000000e+00,6.321390e-01
1.100000e+01,1.000000e+00,6.357994e-01
1.110000e+01,1.000000e+00,6.394235e-01
1.120000e+01,1.000000e+00,6.430114e-01
1.130000e+01,1.000000e+00,6.465637e-01
1.140000e+01,1.000000e+00,6.500806e-01
1.150000e+01,1.000000e+00,6.535626e-01
1.160000e+01,1.000000e+00,6.570098e-01
1.170000e+01,1.000000e+00,6.604228e-01
1.180000e+01,1.000000e+00,6.638018e-01
1.190000e+01,1.000000e+00,6.671472e-01
1.200000e+01,1.000000e+00,6.704593e-01
1.210000e+01,1.000000e+00,6.737385e-01
1.220000e+01,1.000000e+00,6.769850e-01
1.230000e+01,1.000000e+00,6.801992e-01
1.240000e+01,1.000000e+00,6.833814e-01
1.250000e+01,1.000000e+00,6.865320e-01
1.260000e+01,1.000000e+00,6.896512e-01
1.270000e+01,1.000000e+00,6.927394e-01
1.280000e+01,1.000000e+00,6.957968e-01
1.290000e+01,1.000000e+00,6.988239e-01
1.300000e+01,1.000000e+00,7.018208e-01
1.310000e+01,1.000000e+00,7.047878e-01
1.320000e+01,1.000000e+00,7.077254e-01
1.330000e+01,1.000000e+00,7.106337e-01
1.340000e+01,1.000000e+00,7.135131e-01
1.350000e+01,1.000000e+00,7.163638e-01
1.360000e+01,1.000000e+00,7.191862e-01
1.370000e+01,1.000000e+00,7.219805e-01
1.380000e+01,1.000000e+00,7.247470e-01
1.390000e+01,1.000000e+00,7.274859e-01
1.400000e+01,1.000000e+00,7.301976e-01
1.410000e+01,1.000000e+00,7.328823e-01
1.420000e+01,1.000000e+00,7.355403e-01
1.430000e+01,1.000000e+00,7.381719e-01
1.440000e+01,1.000000e+00,7.407772e-01
1.450000e+01,1.000000e+00,7.433567e-01
1.460000e+01,1.000000e+00,7.459104e-01
1.470000e+01,1.000000e+00,7.484388e-01
1.480000e+01,1.000000e+00,7.509420e-01
1.490000e+01,1.000000e+00,7.534203e-01
1.500000e+01,1.000000e+00,7.558739e-01
1.510000e+01,1.000000e+00,7.583031e-01
1.520000e+01,1.000000e+00,7.607082e-01
1.530000e+01,1.000000e+00,7.630893e-01
1.540000e+01,1.000000e+00,7.654467e-01
1.550000e+01,1.000000e+00,7.677807e-01
1.560000e+01,1.000000e+00,7.700914e-01
1.570000e+01,1.000000e+00,7.723792e-01
1.580000e+01,1.000000e+00,7.746441e-01
1.590000e+01,1.000000e+00,7.768866e-01
1.600000e+01,1.000000e+00,7.791067e-01
1.610000e+01,1.000000e+00,7.813047e-01
1.620000e+01,1.000000e+00,7.834809e-01
1.630000e+01,1.000000e+00,7.856354e-01
1.640000e+01,1.000000e+00,7.877685e-01
1.650000e+01,1.000000e+00,7.898803e-01
1.660000e+01,1.000000e+00,7.919711e-01
1.670000e+01,1.000000e+00,7.940412e-01
1.680000e+01,1.000000e+00,7.960906e-01
1.690000e+01,1.000000e+00,7.981196e-01
1.700000e+01,1.000000e+00,8.001285e-01
1.710000e+01,1.000000e+00,8.021173e-01
1.720000e+01,1.000000e+00,8.040864e-01
1.730000e+01,1.000000e+00,8.060359e-01
1.740000e+01,1.000000e+00,8.079659e-01
1.750000e+01,1.000000e+00,8.098768e-01
1.760000e+01,1.000000e+00,8.117687e-01
1.770000e+01,1.000000e+00,8.136417e-01
1.780000e+01,1.000000e+00,8.154961e-01
1.790000e+01,1.000000e+00,8.173320e-01
1.800000e+01,1.000000e+00,8.191497e-01
1.810000e+01,1.000000e+00,8.209493e-01
1.820000e+01,1.000000e+00,8.227309e-01
1.830000e+01,1.000000e+00,8.244949e-01
1.840000e+01,1.000000e+00,8.262413e-01
1.850000e+01,1.000000e+00,8.279703e-01
1.860000e+01,1.000000e+00,8.296821e-01
1.870000e+01,1.000000e+00,8.313769e-01
1.880000e+01,1.000000e+00,8.330548e-01
1.890000e+01,1.000000e+00,8.347160e-01
1.900000e+01,1.000000e+00,8.363607e-01
1.910000e+01,1.000000e+00,8.379890e-01
1.920000e+01,1.000000e+00,8.396011e-01
1.930000e+01,1.000000e+00,8.411972e-01
1.940000e+01,1.000000e+00,8.427774e-01
1.950000e+01,1.000000e+00,8.443418e-01
1.960000e+01,1.000000e+00,8.458907e-01
1.970000e+01,1.000000e+00,8.474242e-01
1.980000e+01,1.000000e+00,8.489425e-01
1.990000e+01,1.000000e+00,8.504456e-01
2.000000e+01,1.000000e+00,8.519338e-01
2.010000e+01,1.000000e+00,8.534071e-01
2.020000e+01,1.000000e+00,8.548658e-01
2.030000e+01,1.000000e+00,8.563100e-01
2.040000e+01,1.000000e+00,8.577398e-01
2.050000e+01,1.000000e+00,8.591554e-01
2.060000e+01,1.000000e+00,8.605569e-01
2.070000e+01,1.000000e+00,8.619444e-01
2.080000e+01,1.000000e+00,8.633182e-01
2.090000e+01,1.000000e+00,8.646783e-01
2.100000e+01,1.000000e+00,8.660248e-01
2.110000e+01,1.000000e+00,8.673579e-01
2.120000e+01,1.000000e+00,8.686778e-01
2.130000e+01,1.000000e+00,8.699846e-01
2.140000e+01,1.000000e+00,8.712783e-01
2.150000e+01,1.000000e+00,8.725592e-01
2.160000e+01,1.000000e+00,8.738273e-01
2.170000e+01,1.000000e+00,8.750828e-01
2.180000e+01,1.000000e+00,8.763258e-01
2.190000e+01,1.000000e+00,8.775564e-01
2.200000e+01,1.000000e+00,8.787748e-01
2.210000e+01,1.000000e+00,8.799811e-01
2.220000e+01,1.000000e+00,8.811754e-01
2.230000e+01,1.000000e+00,8.823577e-01
2.240000e+01,1.000000e+00,8.835284e-01
2.250000e+01,1.000000e+00,8.846873e-01
2.260000e+01,1.000000e+00,8.858348e-01
2.270000e+01,1.000000e+00,8.869708e-01
2.280000e+01,1.000000e+00,8.880955e-01
2.290000e+01,1.000000e+00,8.892090e-01
2.300000e+01,1.000000e+00,8.903115e-01
2.310000e+01,1.000000e+00,8.914029e-01
2.320000e+01,1.000000e+00,8.924836e-01
2.330000e+01,1.000000e+00,8.935534e-01
2.340000e+01,1.000000e+00,8.946126e-01
2.350000e+01,1.000000e+00,8.956613e-01
2.360000e+01,1.000000e+00,8.966995e-01
2.370000e+01,1.000000e+00,8.977275e-01
2.380000e+01,1.000000e+00,8.987451e-01
2.390000e+01,1.000000e+00,8.997527e-01
2.400000e+01,1.000000e+00,9.007502e-01
2.410000e+01,1.000000e+00,9.017378e-01
2.420000e+01,1.000000e+00,9.027156e-01
2.430000e+01,1.000000e+00,9.036836e-01
2.440000e+01,1.000000e+00,9.046420e-01
2.450000e+01,1.000000e+00,9.055909e-01
2.460000e+01,1.000000e+00,9.065304e-01
2.470000e+01,1.000000e+00,9.074604e-01
2.480000e+01,1.000000e+00,9.083813e-01
2.490000e+01,1.000000e+00,9.092929e-01
2.500000e+01,1.000000e+00,9.101955e-01
2.510000e+01,1.000000e+00,9.110891e-01
2.520000e+01,1.000000e+00,9.119739e-01
2.530000e+01,1.000000e+00,9.128498e-01
2.540000e+01,1.000000e+00,9.137170e-01
2.550000e+01,1.000000e+00,9.145756e-01
2.560000e+01,1.000000e+00,9.154256e-01
2.570000e+01,1.000000e+00,9.162672e-01
2.580000e+01,1.000000e+00,9.171004e-01
2.590000e+01,1.000000e+00,9.179253e-01
2.600000e+01,1.000000e+00,9.187420e-01
2.610000e+01,1.000000e+00,9.195505e-01
2.620000e+01,1.000000e+00,9.203511e-01
2.630000e+01,1.000000e+00,9.211436e-01
2.640000e+01,1.000000e+00,9.219283e-01
2.650000e+01,1.000000e+00,9.227052e-01
2.660000e+01,1.000000e+00,9.234743e-01
2.670000e+01,1.000000e+00,9.242358e-01
2.680000e+01,1.000000e+00,9.249897e-01
2.690000e+01,1.000000e+00,9.257361e-01
2.700000e+01,1.000000e+00,9.264751e-01
2.710000e+01,1.000000e+00,9.272067e-01
2.720000e+01,1.000000e+00,9.279310e-01
2.730000e+01,1.000000e+00,9.286482e-01
2.740000e+01,1.000000e+00,9.293581e-01
2.750000e+01,1.000000e+00,9.300611e-01
2.760000e+01,1.000000e+00,9.307570e-01
2.770000e+01,1.000000e+00,9.314460e-01
2.780000e+01,1.000000e+00,9.321282e-01
2.790000e+01,1.000000e+00,9.328036e-01
2.800000e+01,1.000000e+00,9.334722e-01
2.810000e+01,1.000000e+00,9.341342e-01
2.820000e+01,1.000000e+00,9.347896e-01
2.830000e+01,1.000000e+00,9.354385e-01
2.840000e+01,1.000000e+00,9.360809e-01
2.850000e+01,1.000000e+00,9.367170e-01
2.860000e+01,1.000000e+00,9.373467e-01
2.870000e+01,1.000000e+00,9.379701e-01
2.880000e+01,1.000000e+00,9.385874e-01
2.890000e+01,1.000000e+00,9.391985e-01
2.900000e+01,1.000000e+00,9.398035e-01
2.910000e+01,1.000000e+00,9.404025e-01
2.920000e+01,1.000000e+00,9.409955e-01
2.930000e+01,1.000000e+00,9.415826e-01
2.940000e+01,1.000000e+00,9.421639e-01
2.950000e+01,1.000000e+00,9.427394e-01
2.960000e+01,1.000000e+00,9.433092e-01
2.970000e+01,1.000000e+00,9.438733e-01
2.980000e+01,1.000000e+00,9.444318e-01
2.990000e+01,1.000000e+00,9.449848e-01
3.000000e+01,1.000000e+00,9.455322e-01
3.010000e+01,1.000000e+00,9.460742e-01
3.020000e+01,1.000000e+00,9.466108e-01
3.030000e+01,1.000000e+00,9.471420e-01
3.040000e+01,1.000000e+00,9.476680e-01
3.050000e+01,1.000000e+00,9.481888e-01
3.060000e+01,1.000000e+00,9.487043e-01
3.070000e+01,1.000000e+00,9.492147e-01
3.080000e+01,1.000000e+00,9.497201e-01
3.090000e+01,1.000000e+00,9.502204e-01
3.100000e+01,1.000000e+00,9.507157e-01
3.110000e+01,1.000000e+00,9.512062e-01
3.120000e+01,1.000000e+00,9.516917e-01
3.130000e+01,1.000000e+00,9.521724e-01
3.140000e+01,1.000000e+00,9.526483e-01
3.150000e+01,1.000000e+00,9.531195e-01
3.160000e+01,1.000000e+00,9.535860e-01
3.170000e+01,1.000000e+00,9.540478e-01
3.180000e+01,1.000000e+00,9.545051e-01
3.190000e+01,1.000000e+00,9.549578e-01
3.200000e+01,1.000000e+00,9.554060e-01
3.210000e+01,1.000000e+00,9.558497e-01
3.220000e+01,1.000000e+00,9.562890e-01
3.230000e+01,1.000000e+00,9.567240e-01
3.240000e+01,1.000000e+00,9.571546e-01
3.250000e+01,1.000000e+00,9.575810e-01
3.260000e+01,1.000000e+00,9.580031e-01
3.270000e+01,1.000000e+00,9.584210e-01
3.280000e+01,1.000000e+00,9.588347e-01
3.290000e+01,1.000000e+00,9.592443e-01
3.300000e+01,1.000000e+00,9.596499e-01
3.310000e+01,1.000000e+00,9.600514e-01
3.320000e+01,1.000000e+00,9.604489e-01
3.330000e+01,1.000000e+00,9.608424e-01
3.340000e+01,1.000000e+00,9.612321e-01
3.350000e+01,1.000000e+00,9.616179e-01
3.360000e+01,1.000000e+00,9.619998e-01
3.370000e+01,1.000000e+00,9.623779e-01
3.380000e+01,1.000000e+00,9.627523e-01
3.390000e+01,1.000000e+00,9.631229e-01
3.400000e+01,1.000000e+00,9.634899e-01
3.410000e+01,1.000000e+00,9.638532e-01
3.420000e+01,1.000000e+00,9.642129e-01
3.430000e+01,1.000000e+00,9.645690e-01
3.440000e+01,1.000000e+00,9.649215e-01
3.450000e+01,1.000000e+00,9.652706e-01
3.460000e+01,1.000000e+00,9.656162e-01
3.470000e+01,1.000000e+00,9.659583e-01
3.480000e+01,1.000000e+00,9.662970e-01
3.490000e+01,1.000000e+00,9.666324e-01
3.500000e+01,1.000000e+00,9.669644e-01
3.510000e+01,1.000000e+00,9.672932e-01
3.520000e+01,1.000000e+00,9.676186e-01
3.530000e+01,1.000000e+00,9.679408e-01
3.540000e+01,1.000000e+00,9.682598e-01
3.550000e+01,1.000000e+00,9.685757e-01
3.560000e+01,1.000000e+00,9.688884e-01
3.570000e+01,1.000000e+00,9.691979e-01
3.580000e+01,1.000000e+00,9.695045e-01
3.590000e+01,1.000000e+00,9.698079e-01
3.600000e+01,1.000000e+00,9.701083e-01
3.610000e+01,1.000000e+00,9.704058e-01
3.620000e+01,1.000000e+00,9.707003e-01
3.630000e+01,1.000000e+00,9.709918e-01
3.640000e+01,1.000000e+00,9.712805e-01
3.650000e+01,1.000000e+00,9.715662e-01
3.660000e+01,1.000000e+00,9.718492e-01
3.670000e+01,1.000000e+00,9.721293e-01
3.680000e+01,1.000000e+00,9.724066e-01
3.690000e+01,1.000000e+00,9.726812e-01
3.700000e+01,1.000000e+00,9.729530e-01
3.710000e+01,1.000000e+00,9.732222e-01
3.720000e+01,1.000000e+00,9.734886e-01
3.730000e+01,1.000000e+00,9.737524e-01
3.740000e+01,1.000000e+00,9.740136e-01
3.750000e+01,1.000000e+00,9.742722e-01
3.760000e+01,1.000000e+00,9.745282e-01
3.770000e+01,1.000000e+00,9.747817e-01
3.780000e+01,1.000000e+00,9.750326e-01
3.790000e+01,1.000000e+00,9.752810e-01
3.800000e+01,1.000000e+00,9.755270e-01
3.810000e+01,1.000000e+00,9.757705e-01
3.820000e+01,1.000000e+00,9.760116e-01
3.830000e+01,1.000000e+00,9.762503e-01
3.840000e+01,1.000000e+00,9.764867e-01
3.850000e+01,1.000000e+00,9.767206e-01
3.860000e+01,1.000000e+00,9.769523e-01
3.870000e+01,1.000000e+00,9.771816e-01
3.880000e+01,1.000000e+00,9.774087e-01
3.890000e+01,1.000000e+00,9.776335e-01
3.900000e+01,1.000000e+00,9.778560e-01
3.910000e+01,1.000000e+00,9.780764e-01
3.920000e+01,1.000000e+00,9.782945e-01
3.930000e+01,1.000000e+00,9.785105e-01
3.940000e+01,1.000000e+00,9.787244e-01
3.950000e+01,1.000000e+00,9.789361e-01
3.960000e+01,1.000000e+00,9.791457e-01
3.970000e+01,1.000000e+00,9.793532e-01
3.980000e+01,1.000000e+00,9.795586e-01
3.990000e+01,1.000000e+00,9.797620e-01
4.000000e+01,1.000000e+00,9.799634e-01
4.010000e+01,1.000000e+00,9.801628e-01
4.020000e+01,1.000000e+00,9.803602e-01
4.030000e+01,1.000000e+00,9.805556e-01
4.040000e+01,1.000000e+00,9.807491e-01
4.050000e+01,1.000000e+00,9.809407e-01
4.060000e+01,1.000000e+00,9.811303e-01
4.070000e+01,1.000000e+00,9.813181e-01
4.080000e+01,1.000000e+00,9.815040e-01
4.090000e+01,1.000000e+00,9.816880e-01
4.100000e+01,1.000000e+00,9.818702e-01
4.110000e+01,1.000000e+00,9.820506e-01
4.120000e+01,1.000000e+00,9.822293e-01
4.130000e+01,1.000000e+00,9.824061e-01
4.140000e+01,1.000000e+00,9.825812e-01
4.150000e+01,1.000000e+00,9.827545e-01
4.160000e+01,1.000000e+00,9.829261e-01
4.170000e+01,1.000000e+00,9.830960e-01
4.180000e+01,1.000000e+00,9.832642e-01
4.190000e+01,1.000000e+00,9.834307e-01
4.200000e+01,1.000000e+00,9.835956e-01
4.210000e+01,1.000000e+00,9.837588e-01
4.220000e+01,1.000000e+00,9.839204e-01
4.230000e+01,1.000000e+00,9.840804e-01
4.240000e+01,1.000000e+00,9.842389e-01
4.250000e+01,1.000000e+00,9.843957e-01
4.260000e+01,1.000000e+00,9.845510e-01
4.270000e+01,1.000000e+00,9.847047e-01
4.280000e+01,1.000000e+00,9.848569e-01
4.290000e+01,1.000000e+00,9.850076e-01
4.300000e+01,1.000000e+00,9.851568e-01
4.310000e+01,1.000000e+00,9.853045e-01
4.320000e+01,1.000000e+00,9.854507e-01
4.330000e+01,1.000000e+00,9.855955e-01
4.340000e+01,1.000000e+00,9.857388e-01
4.350000e+01,1.000000e+00,9.858807e-01
4.360000e+01,1.000000e+00,9.860212e-01
4.370000e+01,1.000000e+00,9.861603e-01
4.380000e+01,1.000000e+00,9.862980e-01
4.390000e+01,1.000000e+00,9.864344e-01
4.400000e+01,1.000000e+00,9.865693e-01
4.410000e+01,1.000000e+00,9.867030e-01
4.420000e+01,1.000000e+00,9.868353e-01
4.430000e+01,1.000000e+00,9.869663e-01
4.440000e+01,1.000000e+00,9.870960e-01
4.450000e+01,1.000000e+00,9.872244e-01
4.460000e+01,1.000000e+00,9.873515e-01
4.470000e+01,1.000000e+00,9.874774e-01
4.480000e+01,1.000000e+00,9.876020e-01
4.490000e+01,1.000000e+00,9.877254e-01
4.500000e+01,1.000000e+00,9.878475e-01
4.510000e+01,1.000000e+00,9.879684e-01
4.520000e+01,1.000000e+00,9.880881e-01
4.530000e+01,1.000000e+00,9.882067e-01
4.540000e+01,1.000000e+00,9.883240e-01
4.550000e+01,1.000000e+00,9.884402e-01
4.560000e+01,1.000000e+00,9.885552e-01
4.570000e+01,1.000000e+00,9.886691e-01
4.580000e+01,1.000000e+00,9.887819e-01
4.590000e+01,1.000000e+00,9.888935e-01
4.600000e+01,1.000000e+00,9.890040e-01
4.610000e+01,1.000000e+00,9.891134e-01
4.620000e+01,1.000000e+00,9.892218e-01
4.630000e+01,1.000000e+00,9.893290e-01
4.640000e+01,1.000000e+00,9.894352e-01
4.650000e+01,1.000000e+00,9.895403e-01
4.660000e+01,1.000000e+00,9.896444e-01
4.670000e+01,1.000000e+00,9.897475e-01
4.680000e+01,1.000000e+00,9.898495e-01
4.690000e+01,1.000000e+00,9.899505e-01
4.700000e+01,1.000000e+00,9.900505e-01
4.710000e+01,1.000000e+00,9.901495e-01
4.720000e+01,1.000000e+00,9.902475e-01
4.730000e+01,1.000000e+00,9.903445e-01
4.740000e+01,1.000000e+00,9.904406e-01
4.750000e+01,1.000000e+00,9.905357e-01
4.760000e+01,1.000000e+00,9.906299e-01
4.770000e+01,1.000000e+00,9.907232e-01
4.780000e+01,1.000000e+00,9.908155e-01
4.790000e+01,1.000000e+00,9.909069e-01
4.800000e+01,1.000000e+00,9.909973e-01
4.810000e+01,1.000000e+00,9.910869e-01
4.820000e+01,1.000000e+00,9.911756e-01
4.830000e+01,1.000000e+00,9.912634e-01
4.840000e+01,1.000000e+00,9.913504e-01
4.850000e+01,1.000000e+00,9.914364e-01
4.860000e+01,1.000000e+00,9.915216e-01
4.870000e+01,1.000000e+00,9.916060e-01
4.880000e+01,1.000000e+00,9.916895e-01
4.890000e+01,1.000000e+00,9.917722e-01
4.900000e+01,1.000000e+00,9.918541e-01
4.910000e+01,1.000000e+00,9.919352e-01
4.920000e+01,1.000000e+00,9.920154e-01
4.930000e+01,1.000000e+00,9.920949e-01
4.940000e+01,1.000000e+00,9.921735e-01
4.950000e+01,1.000000e+00,9.922514e-01
4.960000e+01,1.000000e+00,9.923285e-01
4.970000e+01,1.000000e+00,9.924048e-01
4.980000e+01,1.000000e+00,9.924804e-01
4.990000e+01,1.000000e+00,9.925552e-01
5.000000e+01,1.000000e+00,9.926293e-01
5.010000e+01,1.000000e+00,9.927027e-01
5.020000e+01,1.000000e+00,9.927753e-01
5.030000e+01,1.000000e+00,9.928472e-01
5.040000e+01,1.000000e+00,9.929183e-01
5.050000e+01,1.000000e+00,9.929888e-01
5.060000e+01,1.000000e+00,9.930586e-01
5.070000e+01,1.000000e+00,9.931276e-01
5.080000e+01,1.000000e+00,9.931960e-01
5.090000e+01,0.000000e+00,9.932637e-01
5.100000e+01,0.000000e+00,9.833801e-01
5.110000e+01,0.000000e+00,9.735948e-01
5.120000e+01,0.000000e+00,9.639069e-01
5.130000e+01,0.000000e+00,9.543154e-01
5.140000e+01,0.000000e+00,9.448193e-01
5.150000e+01,0.000000e+00,9.354178e-01
5.160000e+01,0.000000e+00,9.261097e-01
5.170000e+01,0.000000e+00,9.168943e-01
5.180000e+01,0.000000e+00,9.077706e-01
5.190000e+01,0.000000e+00,8.987377e-01
5.200000e+01,0.000000e+00,8.897947e-01
5.210000e+01,0.000000e+00,8.809406e-01
5.220000e+01,0.000000e+00,8.721747e-01
5.230000e+01,0.000000e+00,8.634960e-01
5.240000e+01,0.000000e+00,8.549036e-01
5.250000e+01,0.000000e+00,8.463968e-01
5.260000e+01,0.000000e+00,8.379745e-01
5.270000e+01,0.000000e+00,8.296361e-01
5.280000e+01,0.000000e+00,8.213807e-01
5.290000e+01,0.000000e+00,8.132074e-01
5.300000e+01,0.000000e+00,8.051155e-01
5.310000e+01,0.000000e+00,7.971041e-01
5.320000e+01,0.000000e+00,7.891723e-01
5.330000e+01,0.000000e+00,7.813196e-01
5.340000e+01,0.000000e+00,7.735449e-01
5.350000e+01,0.000000e+00,7.658476e-01
5.360000e+01,0.000000e+00,7.582269e-01
5.370000e+01,0.000000e+00,7.506821e-01
5.380000e+01,0.000000e+00,7.432123e-01
5.390000e+01,0.000000e+00,7.358168e-01
5.400000e+01,0.000000e+00,7.284950e-01
5.410000e+01,0.000000e+00,7.212460e-01
5.420000e+01,0.000000e+00,7.140691e-01
5.430000e+01,0.000000e+00,7.069636e-01
5.440000e+01,0.000000e+00,6.999289e-01
5.450000e+01,0.000000e+00,6.929641e-01
5.460000e+01,0.000000e+00,6.860687e-01
5.470000e+01,0.000000e+00,6.792418e-01
5.480000e+01,0.000000e+00,6.724829e-01
5.490000e+01,0.000000e+00,6.657913e-01
5.500000e+01,0.000000e+00,6.591662e-01
5.510000e+01,0.000000e+00,6.526071e-01
5.520000e+01,0.000000e+00,6.461132e-01
5.530000e+01,0.000000e+00,6.396839e-01
5.540000e+01,0.000000e+00,6.333187e-01
5.550000e+01,0.000000e+00,6.270167e-01
5.560000e+01,0.000000e+00,6.207775e-01
5.570000e+01,0.000000e+00,6.146004e-01
5.580000e+01,0.000000e+00,6.084847e-01
5.590000e+01,0.000000e+00,6.024298e-01
5.600000e+01,0.000000e+00,5.964353e-01
5.610000e+01,0.000000e+00,5.905003e-01
5.620000e+01,0.000000e+00,5.846245e-01
5.630000e+01,0.000000e+00,5.788071e-01
5.640000e+01,0.000000e+00,5.730476e-01
5.650000e+01,0.000000e+00,5.673454e-01
5.660000e+01,0.000000e+00,5.616999e-01
5.670000e+01,0.000000e+00,5.561106e-01
5.680000e+01,0.000000e+00,5.505769e-01
5.690000e+01,0.000000e+00,5.450983e-01
5.700000e+01,0.000000e+00,5.396743e-01
5.710000e+01,0.000000e+00,5.343041e-01
5.720000e+01,0.000000e+00,5.289875e-01
5.730000e+01,0.000000e+00,5.237237e-01
5.740000e+01,0.000000e+00,5.185123e-01
5.750000e+01,0.000000e+00,5.133527e-01
5.760000e+01,0.000000e+00,5.082445e-01
5.770000e+01,0.000000e+00,5.031872e-01
5.780000e+01,0.000000e+00,4.981801e-01
5.790000e+01,0.000000e+00,4.932229e-01
5.800000e+01,0.000000e+00,4.883150e-01
5.810000e+01,0.000000e+00,4.834560e-01
5.820000e+01,0.000000e+00,4.786453e-01
5.830000e+01,0.000000e+00,4.738824e-01
5.840000e+01,0.000000e+00,4.691670e-01
5.850000e+01,0.000000e+00,4.644985e-01
5.860000e+01,0.000000e+00,4.598764e-01
5.870000e+01,0.000000e+00,4.553003e-01
5.880000e+01,0.000000e+00,4.507698e-01
5.890000e+01,0.000000e+00,4.462843e-01
5.900000e+01,0.000000e+00,4.418435e-01
5.910000e+01,0.000000e+00,4.374469e-01
5.920000e+01,0.000000e+00,4.330940e-01
5.930000e+01,0.000000e+00,4.287844e-01
5.940000e+01,0.000000e+00,4.245177e-01
5.950000e+01,0.000000e+00,4.202935e-01
5.960000e+01,0.000000e+00,4.161113e-01
5.970000e+01,0.000000e+00,4.119707e-01
5.980000e+01,0.000000e+00,4.078713e-01
5.990000e+01,0.000000e+00,4.038127e-01
6.000000e+01,0.000000e+00,3.997945e-01
6.010000e+01,0.000000e+00,3.958163e-01
6.020000e+01,0.000000e+00,3.918777e-01
6.030000e+01,0.000000e+00,3.879782e-01
6.040000e+01,0.000000e+00,3.841176e-01
6.050000e+01,0.000000e+00,3.802954e-01
6.060000e+01,0.000000e+00,3.765112e-01
6.070000e+01,0.000000e+00,3.727646e-01
6.080000e+01,0.000000e+00,3.690554e-01
6.090000e+01,0.000000e+00,3.653830e-01
6.100000e+01,0.000000e+00,3.617472e-01
6.110000e+01,0.000000e+00,3.581476e-01
6.120000e+01,0.000000e+00,3.545838e-01
6.130000e+01,0.000000e+00,3.510555e-01
6.140000e+01,0.000000e+00,3.475622e-01
6.150000e+01,0.000000e+00,3.441038e-01
6.160000e+01,0.000000e+00,3.406797e-01
6.170000e+01,0.000000e+00,3.372897e-01
6.180000e+01,0.000000e+00,3.339335e-01
6.190000e+01,0.000000e+00,3.306106e-01
6.200000e+01,0.000000e+00,3.273208e-01
6.210000e+01,0.000000e+00,3.240637e-01
6.220000e+01,0.000000e+00,3.208391e-01
6.230000e+01,0.000000e+00,3.176465e-01
6.240000e+01,0.000000e+00,3.144857e-01
6.250000e+01,0.000000e+00,3.113564e-01
6.260000e+01,0.000000e+00,3.082582e-01
6.270000e+01,0.000000e+00,3.051908e-01
6.280000e+01,0.000000e+00,3.021540e-01
6.290000e+01,0.000000e+00,2.991473e-01
6.300000e+01,0.000000e+00,2.961706e-01
6.310000e+01,0.000000e+00,2.932235e-01
6.320000e+01,0.000000e+00,2.903058e-01
6.330000e+01,0.000000e+00,2.874170e-01
6.340000e+01,0.000000e+00,2.845570e-01
6.350000e+01,0.000000e+00,2.817255e-01
6.360000e+01,0.000000e+00,2.789222e-01
6.370000e+01,0.000000e+00,2.761467e-01
6.380000e+01,0.000000e+00,2.733989e-01
6.390000e+01,0.000000e+00,2.706784e-01
6.400000e+01,0.000000e+00,2.679849e-01
6.410000e+01,0.000000e+00,2.653183e-01
6.420000e+01,0.000000e+00,2.626782e-01
6.430000e+01,0.000000e+00,2.600644e-01
6.440000e+01,0.000000e+00,2.574766e-01
6.450000e+01,0.000000e+00,2.549145e-01
6.460000e+01,0.000000e+00,2.523779e-01
6.470000e+01,0.000000e+00,2.498666e-01
6.480000e+01,0.000000e+00,2.473803e-01
6.490000e+01,0.000000e+00,2.449187e-01
6.500000e+01,0.000000e+00,2.424816e-01
6.510000e+01,0.000000e+00,2.400687e-01
6.520000e+01,0.000000e+00,2.376799e-01
6.530000e+01,0.000000e+00,2.353148e-01
6.540000e+01,0.000000e+00,2.329733e-01
6.550000e+01,0.000000e+00,2.306550e-01
6.560000e+01,0.000000e+00,2.283599e-01
6.570000e+01,0.000000e+00,2.260875e-01
6.580000e+01,0.000000e+00,2.238378e-01
6.590000e+01,0.000000e+00,2.216105e-01
6.600000e+01,0.000000e+00,2.194053e-01
6.610000e+01,0.000000e+00,2.172221e-01
6.620000e+01,0.000000e+00,2.150606e-01
6.630000e+01,0.000000e+00,2.129206e-01
6.640000e+01,0.000000e+00,2.108019e-01
6.650000e+01,0.000000e+00,2.087043e-01
6.660000e+01,0.000000e+00,2.066275e-01
6.670000e+01,0.000000e+00,2.045714e-01
6.680000e+01,0.000000e+00,2.025358e-01
6.690000e+01,0.000000e+00,2.005204e-01
6.700000e+01,0.000000e+00,1.985251e-01
6.710000e+01,0.000000e+00,1.965497e-01
6.720000e+01,0.000000e+00,1.945939e-01
6.730000e+01,0.000000e+00,1.926575e-01
6.740000e+01,0.000000e+00,1.907405e-01
6.750000e+01,0.000000e+00,1.888425e-01
6.760000e+01,0.000000e+00,1.869634e-01
6.770000e+01,0.000000e+00,1.851030e-01
6.780000e+01,0.000000e+00,1.832611e-01
6.790000e+01,0.000000e+00,1.814375e-01
6.800000e+01,0.000000e+00,1.796321e-01
6.810000e+01,0.000000e+00,1.778446e-01
6.820000e+01,0.000000e+00,1.760749e-01
6.830000e+01,0.000000e+00,1.743229e-01
6.840000e+01,0.000000e+00,1.725883e-01
6.850000e+01,0.000000e+00,1.708709e-01
6.860000e+01,0.000000e+00,1.691706e-01
6.870000e+01,0.000000e+00,1.674872e-01
6.880000e+01,0.000000e+00,1.658206e-01
6.890000e+01,0.000000e+00,1.641706e-01
6.900000e+01,0.000000e+00,1.625370e-01
6.910000e+01,0.000000e+00,1.609197e-01
6.920000e+01,0.000000e+00,1.593184e-01
6.930000e+01,0.000000e+00,1.577331e-01
6.940000e+01,0.000000e+00,1.561635e-01
6.950000e+01,0.000000e+00,1.546096e-01
6.960000e+01,0.000000e+00,1.530711e-01
6.970000e+01,0.000000e+00,1.515480e-01
6.980000e+01,0.000000e+00,1.500400e-01
6.990000e+01,0.000000e+00,1.485470e-01
7.000000e+01,0.000000e+00,1.470688e-01
7.010000e+01,0.000000e+00,1.456054e-01
7.020000e+01,0.000000e+00,1.441565e-01
7.030000e+01,0.000000e+00,1.427221e-01
7.040000e+01,0.000000e+00,1.413019e-01
7.050000e+01,0.000000e+00,1.398959e-01
7.060000e+01,0.000000e+00,1.385038e-01
7.070000e+01,0.000000e+00,1.371256e-01
7.080000e+01,0.000000e+00,1.357611e-01
7.090000e+01,0.000000e+00,1.344102e-01
7.100000e+01,0.000000e+00,1.330727e-01
7.110000e+01,0.000000e+00,1.317486e-01
7.120000e+01,0.000000e+00,1.304376e-01
7.130000e+01,0.000000e+00,1.291396e-01
7.140000e+01,0.000000e+00,1.278546e-01
7.150000e+01,0.000000e+00,1.265824e-01
7.160000e+01,0.000000e+00,1.253228e-01
7.170000e+01,0.000000e+00,1.240757e-01
7.180000e+01,0.000000e+00,1.228411e-01
7.190000e+01,0.000000e+00,1.216188e-01
7.200000e+01,0.000000e+00,1.204086e-01
7.210000e+01,0.000000e+00,1.192104e-01
7.220000e+01,0.000000e+00,1.180242e-01
7.230000e+01,0.000000e+00,1.168498e-01
7.240000e+01,0.000000e+00,1.156871e-01
7.250000e+01,0.000000e+00,1.145359e-01
7.260000e+01,0.000000e+00,1.133962e-01
7.270000e+01,0.000000e+00,1.122678e-01
7.280000e+01,0.000000e+00,1.111507e-01
7.290000e+01,0.000000e+00,1.100447e-01
7.300000e+01,0.000000e+00,1.089496e-01
7.310000e+01,0.000000e+00,1.078655e-01
7.320000e+01,0.000000e+00,1.067922e-01
7.330000e+01,0.000000e+00,1.057295e-01
7.340000e+01,0.000000e+00,1.046775e-01
7.350000e+01,0.000000e+00,1.036358e-01
7.360000e+01,0.000000e+00,1.026046e-01
7.370000e+01,0.000000e+00,1.015836e-01
7.380000e+01,0.000000e+00,1.005728e-01
7.390000e+01,0.000000e+00,9.957202e-02
7.400000e+01,0.000000e+00,9.858121e-02
7.410000e+01,0.000000e+00,9.760027e-02
7.420000e+01,0.000000e+00,9.662908e-02
7.430000e+01,0.000000e+00,9.566756e-02
7.440000e+01,0.000000e+00,9.471560e-02
7.450000e+01,0.000000e+00,9.377312e-02
7.460000e+01,0.000000e+00,9.284001e-02
7.470000e+01,0.000000e+00,9.191619e-02
7.480000e+01,0.000000e+00,9.100157e-02
7.490000e+01,0.000000e+00,9.009604e-02
7.500000e+01,0.000000e+00,8.919953e-02
7.510000e+01,0.000000e+00,8.831193e-02
7.520000e+01,0.000000e+00,8.743317e-02
7.530000e+01,0.000000e+00,8.656315e-02
7.540000e+01,0.000000e+00,8.570179e-02
7.550000e+01,0.000000e+00,8.484900e-02
7.560000e+01,0.000000e+00,8.400470e-02
7.570000e+01,0.000000e+00,8.316879e-02
7.580000e+01,0.000000e+00,8.234121e-02
7.590000e+01,0.000000e+00,8.152186e-02
7.600000e+01,0.000000e+00,8.071066e-02
7.610000e+01,0.000000e+00,7.990754e-02
7.620000e+01,0.000000e+00,7.911241e-02
7.630000e+01,0.000000e+00,7.832519e-02
7.640000e+01,0.000000e+00,7.754580e-02
7.650000e+01,0.000000e+00,7.677417e-02
7.660000e+01,0.000000e+00,7.601021e-02
7.670000e+01,0.000000e+00,7.525386e-02
7.680000e+01,0.000000e+00,7.450504e-02
7.690000e+01,0.000000e+00,7.376366e-02
7.700000e+01,0.000000e+00,7.302966e-02
7.710000e+01,0.000000e+00,7.230297e-02
7.720000e+01,0.000000e+00,7.158351e-02
7.730000e+01,0.000000e+00,7.087121e-02
7.740000e+01,0.000000e+00,7.016599e-02
7.750000e+01,0.000000e+00,6.946779e-02
7.760000e+01,0.000000e+00,6.877654e-02
7.770000e+01,0.000000e+00,6.809217e-02
7.780000e+01,0.000000e+00,6.741461e-02
7.790000e+01,0.000000e+00,6.674379e-02
7.800000e+01,0.000000e+00,6.607964e-02
7.810000e+01,0.000000e+00,6.542211e-02
7.820000e+01,0.000000e+00,6.477111e-02
7.830000e+01,0.000000e+00,6.412660e-02
7.840000e+01,0.000000e+00,6.348850e-02
7.850000e+01,0.000000e+00,6.285674e-02
7.860000e+01,0.000000e+00,6.223128e-02
7.870000e+01,0.000000e+00,6.161203e-02
7.880000e+01,0.000000e+00,6.099895e-02
7.890000e+01,0.000000e+00,6.039197e-02
7.900000e+01,0.000000e+00,5.979103e-02
7.910000e+01,0.000000e+00,5.919607e-02
7.920000e+01,0.000000e+00,5.860703e-02
7.930000e+01,0.000000e+00,5.802385e-02
7.940000e+01,0.000000e+00,5.744648e-02
7.950000e+01,0.000000e+00,5.687485e-02
7.960000e+01,0.000000e+00,5.630891e-02
7.970000e+01,0.000000e+00,5.574860e-02
7.980000e+01,0.000000e+00,5.519386e-02
7.990000e+01,0.000000e+00,5.464464e-02
8.000000e+01,0.000000e+00,5.410089e-02
8.010000e+01,0.000000e+00,5.356255e-02
8.020000e+01,0.000000e+00,5.302957e-02
8.030000e+01,0.000000e+00,5.250189e-02
8.040000e+01,0.000000e+00,5.197946e-02
8.050000e+01,0.000000e+00,5.146223e-02
8.060000e+01,0.000000e+00,5.095015e-02
8.070000e+01,0.000000e+00,5.044316e-02
8.080000e+01,0.000000e+00,4.994122e-02
8.090000e+01,0.000000e+00,4.944427e-02
8.100000e+01,0.000000e+00,4.895227e-02
8.110000e+01,0.000000e+00,4.846516e-02
8.120000e+01,0.000000e+00,4.798290e-02
8.130000e+01,0.000000e+00,4.750544e-02
8.140000e+01,0.000000e+00,4.703273e-02
8.150000e+01,0.000000e+00,4.656472e-02
8.160000e+01,0.000000e+00,4.610137e-02
8.170000e+01,0.000000e+00,4.564263e-02
8.180000e+01,0.000000e+00,4.518846e-02
8.190000e+01,0.000000e+00,4.473880e-02
8.200000e+01,0.000000e+00,4.429362e-02
8.210000e+01,0.000000e+00,4.385287e-02
8.220000e+01,0.000000e+00,4.341651e-02
8.230000e+01,0.000000e+00,4.298448e-02
8.240000e+01,0.000000e+00,4.255676e-02
8.250000e+01,0.000000e+00,4.213329e-02
8.260000e+01,0.000000e+00,4.171404e-02
8.270000e+01,0.000000e+00,4.129896e-02
8.280000e+01,0.000000e+00,4.088800e-02
8.290000e+01,0.000000e+00,4.048114e-02
8.300000e+01,0.000000e+00,4.007833e-02
8.310000e+01,0.000000e+00,3.967952e-02
8.320000e+01,0.000000e+00,3.928468e-02
8.330000e+01,0.000000e+00,3.889378e-02
8.340000e+01,0.000000e+00,3.850676e-02
8.350000e+01,0.000000e+00,3.812359e-02
8.360000e+01,0.000000e+00,3.774423e-02
8.370000e+01,0.000000e+00,3.736865e-02
8.380000e+01,0.000000e+00,3.699681e-02
8.390000e+01,0.000000e+00,3.662867e-02
8.400000e+01,0.000000e+00,3.626419e-02
8.410000e+01,0.000000e+00,3.590334e-02
8.420000e+01,0.000000e+00,3.554607e-02
8.430000e+01,0.000000e+00,3.519237e-02
8.440000e+01,0.000000e+00,3.484218e-02
8.450000e+01,0.000000e+00,3.449548e-02
8.460000e+01,0.000000e+00,3.415222e-02
8.470000e+01,0.000000e+00,3.381239e-02
8.480000e+01,0.000000e+00,3.347593e-02
8.490000e+01,0.000000e+00,3.314282e-02
8.500000e+01,0.000000e+00,3.281303e-02
8.510000e+01,0.000000e+00,3.248652e-02
8.520000e+01,0.000000e+00,3.216326e-02
8.530000e+01,0.000000e+00,3.184321e-02
8.540000e+01,0.000000e+00,3.152635e-02
8.550000e+01,0.000000e+00,3.121264e-02
8.560000e+01,0.000000e+00,3.090206e-02
8.570000e+01,0.000000e+00,3.059456e-02
8.580000e+01,0.000000e+00,3.029012e-02
8.590000e+01,0.000000e+00,2.998872e-02
8.600000e+01,0.000000e+00,2.969031e-02
8.610000e+01,0.000000e+00,2.939487e-02
8.620000e+01,0.000000e+00,2.910237e-02
8.630000e+01,0.000000e+00,2.881279e-02
8.640000e+01,0.000000e+00,2.852608e-02
8.650000e+01,0.000000e+00,2.824223e-02
8.660000e+01,0.000000e+00,2.796120e-02
8.670000e+01,0.000000e+00,2.768296e-02
8.680000e+01,0.000000e+00,2.740750e-02
8.690000e+01,0.000000e+00,2.713478e-02
8.700000e+01,0.000000e+00,2.686477e-02
8.710000e+01,0.000000e+00,2.659745e-02
8.720000e+01,0.000000e+00,2.633278e-02
8.730000e+01,0.000000e+00,2.607076e-02
8.740000e+01,0.000000e+00,2.581133e-02
8.750000e+01,0.000000e+00,2.555449e-02
8.760000e+01,0.000000e+00,2.530021e-02
8.770000e+01,0.000000e+00,2.504846e-02
8.780000e+01,0.000000e+00,2.479921e-02
8.790000e+01,0.000000e+00,2.455244e-02
8.800000e+01,0.000000e+00,2.430813e-02
8.810000e+01,0.000000e+00,2.406624e-02
8.820000e+01,0.000000e+00,2.382677e-02
8.830000e+01,0.000000e+00,2.358968e-02
8.840000e+01,0.000000e+00,2.335494e-02
8.850000e+01,0.000000e+00,2.312255e-02
8.860000e+01,0.000000e+00,2.289246e-02
8.870000e+01,0.000000e+00,2.266467e-02
8.880000e+01,0.000000e+00,2.243914e-02
8.890000e+01,0.000000e+00,2.221585e-02
8.900000e+01,0.000000e+00,2.199479e-02
8.910000e+01,0.000000e+00,2.177593e-02
8.920000e+01,0.000000e+00,2.155924e-02
8.930000e+01,0.000000e+00,2.134472e-02
8.940000e+01,0.000000e+00,2.113232e-02
8.950000e+01,0.000000e+00,2.092204e-02
8.960000e+01,0.000000e+00,2.071385e-02
8.970000e+01,0.000000e+00,2.050774e-02
8.980000e+01,0.000000e+00,2.030367e-02
8.990000e+01,0.000000e+00,2.010164e-02
9.000000e+01,0.000000e+00,1.990161e-02
9.010000e+01,0.000000e+00,1.970358e-02
9.020000e+01,0.000000e+00,1.950751e-02
9.030000e+01,0.000000e+00,1.931340e-02
9.040000e+01,0.000000e+00,1.912122e-02
9.050000e+01,0.000000e+00,1.893095e-02
9.060000e+01,0.000000e+00,1.874258e-02
9.070000e+01,0.000000e+00,1.855607e-02
9.080000e+01,0.000000e+00,1.837143e-02
9.090000e+01,0.000000e+00,1.818862e-02
9.100000e+01,0.000000e+00,1.800763e-02
9.110000e+01,0.000000e+00,1.782844e-02
9.120000e+01,0.000000e+00,1.765104e-02
9.130000e+01,0.000000e+00,1.747540e-02
9.140000e+01,0.000000e+00,1.730151e-02
9.150000e+01,0.000000e+00,1.712935e-02
9.160000e+01,0.000000e+00,1.695890e-02
9.170000e+01,0.000000e+00,1.679015e-02
9.180000e+01,0.000000e+00,1.662307e-02
9.190000e+01,0.000000e+00,1.645766e-02
9.200000e+01,0.000000e+00,1.629390e-02
9.210000e+01,0.000000e+00,1.613176e-02
9.220000e+01,0.000000e+00,1.597124e-02
9.230000e+01,0.000000e+00,1.581232e-02
9.240000e+01,0.000000e+00,1.565497e-02
9.250000e+01,0.000000e+00,1.549920e-02
9.260000e+01,0.000000e+00,1.534497e-02
9.270000e+01,0.000000e+00,1.519228e-02
9.280000e+01,0.000000e+00,1.504110e-02
9.290000e+01,0.000000e+00,1.489143e-02
9.300000e+01,0.000000e+00,1.474326e-02
9.310000e+01,0.000000e+00,1.459655e-02
9.320000e+01,0.000000e+00,1.445130e-02
9.330000e+01,0.000000e+00,1.430750e-02
9.340000e+01,0.000000e+00,1.416514e-02
9.350000e+01,0.000000e+00,1.402418e-02
9.360000e+01,0.000000e+00,1.388463e-02
9.370000e+01,0.000000e+00,1.374647e-02
9.380000e+01,0.000000e+00,1.360969e-02
9.390000e+01,0.000000e+00,1.347426e-02
9.400000e+01,0.000000e+00,1.334018e-02
9.410000e+01,0.000000e+00,1.320744e-02
9.420000e+01,0.000000e+00,1.307602e-02
9.430000e+01,0.000000e+00,1.294590e-02
9.440000e+01,0.000000e+00,1.281708e-02
9.450000e+01,0.000000e+00,1.268954e-02
9.460000e+01,0.000000e+00,1.256327e-02
9.470000e+01,0.000000e+00,1.243826e-02
9.480000e+01,0.000000e+00,1.231449e-02
9.490000e+01,0.000000e+00,1.219195e-02
9.500000e+01,0.000000e+00,1.207064e-02
9.510000e+01,0.000000e+00,1.195053e-02
9.520000e+01,0.000000e+00,1.183161e-02
9.530000e+01,0.000000e+00,1.171388e-02
9.540000e+01,0.000000e+00,1.159732e-02
9.550000e+01,0.000000e+00,1.148192e-02
9.560000e+01,0.000000e+00,1.136766e-02
9.570000e+01,0.000000e+00,1.125455e-02
9.580000e+01,0.000000e+00,1.114256e-02
9.590000e+01,0.000000e+00,1.103168e-02
9.600000e+01,0.000000e+00,1.092191e-02
9.610000e+01,0.000000e+00,1.081323e-02
9.620000e+01,0.000000e+00,1.070563e-02
9.630000e+01,0.000000e+00,1.059910e-02
9.640000e+01,0.000000e+00,1.049363e-02
9.650000e+01,0.000000e+00,1.038921e-02
9.660000e+01,0.000000e+00,1.028584e-02
9.670000e+01,0.000000e+00,1.018348e-02
9.680000e+01,0.000000e+00,1.008215e-02
9.690000e+01,0.000000e+00,9.981828e-03
9.700000e+01,0.000000e+00,9.882502e-03
9.710000e+01,0.000000e+00,9.784164e-03
9.720000e+01,0.000000e+00,9.686806e-03
9.730000e+01,0.000000e+00,9.590415e-03
9.740000e+01,0.000000e+00,9.494984e-03
9.750000e+01,0.000000e+00,9.400503e-03
9.760000e+01,0.000000e+00,9.306962e-03
9.770000e+01,0.000000e+00,9.214351e-03
9.780000e+01,0.000000e+00,9.122663e-03
9.790000e+01,0.000000e+00,9.031886e-03
9.800000e+01,0.000000e+00,8.942013e-03
9.810000e+01,0.000000e+00,8.853034e-03
9.820000e+01,0.000000e+00,8.764940e-03
9.830000e+01,0.000000e+00,8.677723e-03
9.840000e+01,0.000000e+00,8.591374e-03
9.850000e+01,0.000000e+00,8.505884e-03
9.860000e+01,0.000000e+00,8.421245e-03
9.870000e+01,0.000000e+00,8.337448e-03
9.880000e+01,0.000000e+00,8.254485e-03
9.890000e+01,0.000000e+00,8.172348e-03
9.900000e+01,0.000000e+00,8.091027e-03
9.910000e+01,0.000000e+00,8.010516e-03
9.920000e+01,0.000000e+00,7.930806e-03
9.930000e+01,0.000000e+00,7.851890e-03
9.940000e+01,0.000000e+00,7.773758e-03
9.950000e+01,0.000000e+00,7.696404e-03
9.960000e+01,0.000000e+00,7.619820e-03
9.970000e+01,0.000000e+00,7.543997e-03
9.980000e+01,0.000000e+00,7.468930e-03
9.990000e+01,0.000000e+00,7.394609e-03
1.000000e+02,0.000000e+00,7.321028e-03
1.001000e+02,0.000000e+00,7.248179e-03
1.002000e+02,0.000000e+00,7.176054e-03
1.003000e+02,0.000000e+00,7.104648e-03
1.004000e+02,0.000000e+00,7.033952e-03
1.005000e+02,0.000000e+00,6.963960e-03
1.006000e+02,0.000000e+00,6.894664e-03
1.007000e+02,0.000000e+00,6.826057e-03
1.008000e+02,0.000000e+00,6.758133e-03
