1.000000e-01,0.000000e+00,0.000000e+00
2.000000e-01,1.000000e+00,1.003358e-07
3.000000e-01,1.000000e+00,5.667954e-07
4.000000e-01,1.000000e+00,2.215893e-06
5.000000e-01,1.000000e+00,5.997456e-06
6.000000e-01,1.000000e+00,1.283261e-05
7.000000e-01,1.000000e+00,2.361434e-05
8.000000e-01,1.000000e+00,3.920807e-05
9.000000e-01,1.000000e+00,6.045221e-05
1.000000e+00,1.000000e+00,8.815870e-05
1.100000e+00,1.000000e+00,1.231135e-04
1.200000e+00,1.000000e+00,1.660774e-04
1.300000e+00,1.000000e+00,2.177858e-04
1.400000e+00,1.000000e+00,2.789503e-04
1.500000e+00,1.000000e+00,3.502583e-04
1.600000e+00,1.000000e+00,4.323739e-04
1.700000e+00,1.000000e+00,5.259382e-04
1.800000e+00,1.000000e+00,6.315701e-04
1.900000e+00,1.000000e+00,7.498663e-04
2.000000e+00,1.000000e+00,8.814021e-04
2.100000e+00,1.000000e+00,1.026732e-03
2.200000e+00,1.000000e+00,1.186389e-03
2.300000e+00,1.000000e+00,1.360888e-03
2.400000e+00,1.000000e+00,1.550721e-03
2.500000e+00,1.000000e+00,1.756364e-03
2.600000e+00,1.000000e+00,1.978272e-03
2.700000e+00,1.000000e+00,2.216882e-03
2.800000e+00,1.000000e+00,2.472614e-03
2.900000e+00,1.000000e+00,2.745867e-03
3.000000e+00,1.000000e+00,3.037028e-03
3.100000e+00,1.000000e+00,3.346462e-03
3.200000e+00,1.000000e+00,3.674520e-03
3.300000e+00,1.000000e+00,4.021537e-03
3.400000e+00,1.000000e+00,4.387831e-03
3.500000e+00,1.000000e+00,4.773706e-03
3.600000e+00,1.000000e+00,5.179448e-03
3.700000e+00,1.000000e+00,5.605333e-03
3.800000e+00,1.000000e+00,6.051617e-03
3.900000e+00,1.000000e+00,6.518547e-03
4.000000e+00,1.000000e+00,7.006352e-03
4.100000e+00,1.000000e+00,7.515251e-03
4.200000e+00,1.000000e+00,8.045447e-03
4.300000e+00,1.000000e+00,8.597133e-03
4.400000e+00,1.000000e+00,9.170486e-03
4.500000e+00,1.000000e+00,9.765674e-03
4.600000e+00,1.000000e+00,1.038285e-02
4.700000e+00,1.000000e+00,1.102216e-02
4.800000e+00,1.000000e+00,1.168373e-02
4.900000e+00,1.000000e+00,1.236769e-02
5.000000e+00,1.000000e+00,1.307414e-02
5.100000e+00,1.000000e+00,1.380319e-02
5.200000e+00,1.000000e+00,1.455491e-02
5.300000e+00,1.000000e+00,1.532940e-02
5.400000e+00,1.000000e+00,1.612672e-02
5.500000e+00,1.000000e+00,1.694692e-02
5.600000e+00,1.000000e+00,1.779007e-02
5.700000e+00,1.000000e+00,1.865619e-02
5.800000e+00,1.000000e+00,1.954533e-02
5.900000e+00,1.000000e+00,2.045750e-02
6.000000e+00,1.000000e+00,2.139272e-02
6.100000e+00,1.000000e+00,2.235100e-02
6.200000e+00,1.000000e+00,2.333234e-02
6.300000e+00,1.000000e+00,2.433672e-02
6.400000e+00,1.000000e+00,2.536414e-02
6.500000e+00,1.000000e+00,2.641457e-02
6.600000e+00,1.000000e+00,2.748797e-02
6.700000e+00,1.000000e+00,2.858431e-02
6.800000e+00,1.000000e+00,2.970355e-02
6.900000e+00,1.000000e+00,3.084563e-02
7.000000e+00,1.000000e+00,3.201049e-02
7.100000e+00,1.000000e+00,3.319809e-02
7.200000e+00,1.000000e+00,3.440833e-02
7.300000e+00,1.000000e+00,3.564116e-02
7.400000e+00,1.000000e+00,3.689648e-02
7.500000e+00,1.000000e+00,3.817421e-02
7.600000e+00,1.000000e+00,3.947426e-02
7.700000e+00,1.000000e+00,4.079654e-02
7.800000e+00,1.000000e+00,4.214093e-02
7.900000e+00,1.000000e+00,4.350734e-02
8.000000e+00,1.000000e+00,4.489566e-02
8.100000e+00,1.000000e+00,4.630576e-02
8.200000e+00,1.000000e+00,4.773752e-02
8.300000e+00,1.000000e+00,4.919083e-02
8.400000e+00,1.000000e+00,5.066555e-02
8.500000e+00,1.000000e+00,5.216155e-02
8.600000e+00,1.000000e+00,5.367869e-02
8.700000e+00,1.000000e+00,5.521684e-02
8.800000e+00,1.000000e+00,5.677585e-02
8.900000e+00,1.000000e+00,5.835557e-02
9.000000e+00,1.000000e+00,5.995585e-02
9.100000e+00,1.000000e+00,6.157654e-02
9.200000e+00,1.000000e+00,6.321748e-02
9.300000e+00,1.000000e+00,6.487851e-02
9.400000e+00,1.000000e+00,6.655947e-02
9.500000e+00,1.000000e+00,6.826020e-02
9.600000e+00,1.000000e+00,6.998052e-02
9.700000e+00,1.000000e+00,7.172027e-02
9.800000e+00,1.000000e+00,7.347926e-02
9.900000e+00,1.000000e+00,7.525734e-02
1.000000e+01,1.000000e+00,7.705432e-02
1.010000e+01,1.000000e+00,7.887001e-02
1.020000e+01,1.000000e+00,8.070425e-02
1.030000e+01,1.000000e+00,8.255684e-02
1.040000e+01,1.000000e+00,8.442760e-02
1.050000e+01,1.000000e+00,8.631634e-02
1.060000e+01,1.000000e+00,8.822288e-02
1.070000e+01,1.000000e+00,9.014702e-02
1.080000e+01,1.000000e+00,9.208858e-02
1.090000e+01,1.000000e+00,9.404735e-02
1.100000e+01,1.000000e+00,9.602315e-02
1.110000e+01,1.000000e+00,9.801578e-02
1.120000e+01,9.000000e-01,1.000250e-01
1.130000e+01,9.000000e-01,1.020507e-01
1.140000e+01,9.000000e-01,1.040925e-01
1.150000e+01,9.000000e-01,1.061502e-01
1.160000e+01,9.000000e-01,1.082234e-01
1.170000e+01,9.000000e-01,1.103119e-01
1.180000e+01,9.000000e-01,1.124153e-01
1.190000e+01,9.000000e-01,1.145334e-01
1.200000e+01,9.000000e-01,1.166659e-01
1.210000e+01,9.000000e-01,1.188125e-01
1.220000e+01,9.000000e-01,1.209730e-01
1.230000e+01,9.000000e-01,1.231470e-01
1.240000e+01,9.000000e-01,1.253343e-01
1.250000e+01,9.000000e-01,1.275346e-01
1.260000e+01,9.000000e-01,1.297476e-01
1.270000e+01,9.000000e-01,1.319730e-01
1.280000e+01,9.000000e-01,1.342107e-01
1.290000e+01,9.000000e-01,1.364603e-01
1.300000e+01,9.000000e-01,1.387215e-01
1.310000e+01,9.000000e-01,1.409942e-01
1.320000e+01,9.000000e-01,1.432780e-01
1.330000e+01,9.000000e-01,1.455726e-01
1.340000e+01,9.000000e-01,1.478779e-01
1.350000e+01,9.000000e-01,1.501936e-01
1.360000e+01,9.000000e-01,1.525194e-01
1.370000e+01,9.000000e-01,1.548551e-01
1.380000e+01,9.000000e-01,1.572004e-01
1.390000e+01,9.000000e-01,1.595550e-01
1.400000e+01,9.000000e-01,1.619188e-01
1.410000e+01,9.000000e-01,1.642915e-01
1.420000e+01,9.000000e-01,1.666729e-01
1.430000e+01,9.000000e-01,1.690627e-01
1.440000e+01,9.000000e-01,1.714607e-01
1.450000e+01,9.000000e-01,1.738666e-01
1.460000e+01,9.000000e-01,1.762803e-01
1.470000e+01,9.000000e-01,1.787015e-01
1.480000e+01,9.000000e-01,1.811299e-01
1.490000e+01,9.000000e-01,1.835654e-01
1.500000e+01,9.000000e-01,1.860077e-01
1.510000e+01,9.000000e-01,1.884567e-01
1.520000e+01,9.000000e-01,1.909120e-01
1.530000e+01,9.000000e-01,1.933735e-01
1.540000e+01,9.000000e-01,1.958410e-01
1.550000e+01,9.000000e-01,1.983142e-01
1.560000e+01,9.000000e-01,2.007930e-01
1.570000e+01,9.000000e-01,2.032772e-01
1.580000e+01,9.000000e-01,2.057664e-01
1.590000e+01,9.000000e-01,2.082606e-01
1.600000e+01,9.000000e-01,2.107596e-01
1.610000e+01,9.000000e-01,2.132630e-01
1.620000e+01,9.000000e-01,2.157709e-01
1.630000e+01,9.000000e-01,2.182828e-01
1.640000e+01,9.000000e-01,2.207987e-01
1.650000e+01,9.000000e-01,2.233184e-01
1.660000e+01,9.000000e-01,2.258416e-01
1.670000e+01,9.000000e-01,2.283683e-01
1.680000e+01,9.000000e-01,2.308981e-01
1.690000e+01,9.000000e-01,2.334310e-01
1.700000e+01,9.000000e-01,2.359667e-01
1.710000e+01,9.000000e-01,2.385051e-01
1.720000e+01,9.000000e-01,2.410460e-01
1.730000e+01,9.000000e-01,2.435892e-01
1.740000e+01,9.000000e-01,2.461345e-01
1.750000e+01,9.000000e-01,2.486818e-01
1.760000e+01,9.000000e-01,2.512309e-01
1.770000e+01,9.000000e-01,2.537816e-01
1.780000e+01,9.000000e-01,2.563339e-01
1.790000e+01,9.000000e-01,2.588874e-01
1.800000e+01,9.000000e-01,2.614421e-01
1.810000e+01,9.000000e-01,2.639978e-01
1.820000e+01,9.000000e-01,2.665543e-01
1.830000e+01,9.000000e-01,2.691115e-01
1.840000e+01,9.000000e-01,2.716692e-01
1.850000e+01,9.000000e-01,2.742273e-01
1.860000e+01,9.000000e-01,2.767856e-01
1.870000e+01,9.000000e-01,2.793440e-01
1.880000e+01,9.000000e-01,2.819023e-01
1.890000e+01,9.000000e-01,2.844605e-01
1.900000e+01,9.000000e-01,2.870182e-01
1.910000e+01,9.000000e-01,2.895755e-01
1.920000e+01,9.000000e-01,2.921322e-01
1.930000e+01,9.000000e-01,2.946881e-01
1.940000e+01,9.000000e-01,2.972430e-01
1.950000e+01,9.000000e-01,2.997970e-01
1.960000e+01,8.953005e-01,3.023497e-01
1.970000e+01,8.901976e-01,3.049012e-01
1.980000e+01,8.850975e-01,3.074513e-01
1.990000e+01,8.800006e-01,3.099997e-01
2.000000e+01,8.749071e-01,3.125465e-01
2.010000e+01,8.698173e-01,3.150914e-01
2.020000e+01,8.647315e-01,3.176342e-01
2.030000e+01,8.596501e-01,3.201750e-01
2.040000e+01,8.545732e-01,3.227134e-01
2.050000e+01,8.495013e-01,3.252493e-01
2.060000e+01,8.444347e-01,3.277827e-01
2.070000e+01,8.393736e-01,3.303132e-01
2.080000e+01,8.343183e-01,3.328408e-01
2.090000e+01,8.292693e-01,3.353654e-01
2.100000e+01,8.242268e-01,3.378866e-01
2.110000e+01,8.191912e-01,3.404044e-01
2.120000e+01,8.141627e-01,3.429186e-01
2.130000e+01,8.091418e-01,3.454291e-01
2.140000e+01,8.041288e-01,3.479356e-01
2.150000e+01,7.991240e-01,3.504380e-01
2.160000e+01,7.941277e-01,3.529362e-01
2.170000e+01,7.891403e-01,3.554298e-01
2.180000e+01,7.841623e-01,3.579189e-01
2.190000e+01,7.791938e-01,3.604031e-01
2.200000e+01,7.742353e-01,3.628824e-01
2.210000e+01,7.692871e-01,3.653565e-01
2.220000e+01,7.643495e-01,3.678252e-01
2.230000e+01,7.594230e-01,3.702885e-01
2.240000e+01,7.545079e-01,3.727461e-01
2.250000e+01,7.496045e-01,3.751978e-01
2.260000e+01,7.447132e-01,3.776434e-01
2.270000e+01,7.398343e-01,3.800828e-01
2.280000e+01,7.349683e-01,3.825159e-01
2.290000e+01,7.301154e-01,3.849423e-01
2.300000e+01,7.252761e-01,3.873620e-01
2.310000e+01,7.204506e-01,3.897747e-01
2.320000e+01,7.156394e-01,3.921803e-01
2.330000e+01,7.108427e-01,3.945786e-01
2.340000e+01,7.060611e-01,3.969695e-01
2.350000e+01,7.012947e-01,3.993526e-01
2.360000e+01,6.965440e-01,4.017280e-01
2.370000e+01,6.918093e-01,4.040953e-01
2.380000e+01,6.870910e-01,4.064545e-01
2.390000e+01,6.823894e-01,4.088053e-01
2.400000e+01,6.777049e-01,4.111476e-01
2.410000e+01,6.730378e-01,4.134811e-01
2.420000e+01,6.683884e-01,4.158058e-01
2.430000e+01,6.637572e-01,4.181214e-01
2.440000e+01,6.591444e-01,4.204278e-01
2.450000e+01,6.545504e-01,4.227248e-01
2.460000e+01,6.499756e-01,4.250122e-01
2.470000e+01,6.454202e-01,4.272899e-01
2.480000e+01,6.408846e-01,4.295577e-01
2.490000e+01,6.363691e-01,4.318154e-01
2.500000e+01,6.318741e-01,4.340629e-01
2.510000e+01,6.273999e-01,4.363000e-01
2.520000e+01,6.229468e-01,4.385266e-01
2.530000e+01,6.185152e-01,4.407424e-01
2.540000e+01,6.141053e-01,4.429473e-01
2.550000e+01,6.097175e-01,4.451413e-01
2.560000e+01,6.053521e-01,4.473240e-01
2.570000e+01,6.010093e-01,4.494953e-01
2.580000e+01,5.966896e-01,4.516552e-01
2.590000e+01,5.923932e-01,4.538034e-01
2.600000e+01,5.881204e-01,4.559398e-01
2.610000e+01,5.838715e-01,4.580642e-01
2.620000e+01,5.796469e-01,4.601766e-01
2.630000e+01,5.754467e-01,4.622767e-01
2.640000e+01,5.712713e-01,4.643644e-01
2.650000e+01,5.671210e-01,4.664395e-01
2.660000e+01,5.629960e-01,4.685020e-01
2.670000e+01,5.588966e-01,4.705517e-01
2.680000e+01,5.548232e-01,4.725884e-01
2.690000e+01,5.507759e-01,4.746120e-01
2.700000e+01,5.467551e-01,4.766224e-01
2.710000e+01,5.427610e-01,4.786195e-01
2.720000e+01,5.387939e-01,4.806031e-01
2.730000e+01,5.348539e-01,4.825730e-01
2.740000e+01,5.309415e-01,4.845293e-01
2.750000e+01,5.270567e-01,4.864716e-01
2.760000e+01,5.231999e-01,4.884000e-01
2.770000e+01,5.193713e-01,4.903143e-01
2.780000e+01,5.155712e-01,4.922144e-01
2.790000e+01,5.117997e-01,4.941002e-01
2.800000e+01,5.080571e-01,4.959715e-01
2.810000e+01,5.043436e-01,4.978282e-01
2.820000e+01,5.006594e-01,4.996703e-01
2.830000e+01,4.970048e-01,5.014976e-01
2.840000e+01,4.933800e-01,5.033100e-01
2.850000e+01,4.897851e-01,5.051074e-01
2.860000e+01,4.862204e-01,5.068898e-01
2.870000e+01,4.826861e-01,5.086570e-01
2.880000e+01,4.791823e-01,5.104088e-01
2.890000e+01,4.757093e-01,5.121454e-01
2.900000e+01,4.722672e-01,5.138664e-01
2.910000e+01,4.688562e-01,5.155719e-01
2.920000e+01,4.654765e-01,5.172618e-01
2.930000e+01,4.621282e-01,5.189359e-01
2.940000e+01,4.588116e-01,5.205942e-01
2.950000e+01,4.555268e-01,5.222366e-01
2.960000e+01,4.522739e-01,5.238631e-01
2.970000e+01,4.490531e-01,5.254735e-01
2.980000e+01,4.458646e-01,5.270677e-01
2.990000e+01,4.427084e-01,5.286458e-01
3.000000e+01,4.395848e-01,5.302076e-01
3.010000e+01,4.364939e-01,5.317531e-01
3.020000e+01,4.334357e-01,5.332821e-01
3.030000e+01,4.304105e-01,5.347948e-01
3.040000e+01,4.274183e-01,5.362908e-01
3.050000e+01,4.244593e-01,5.377703e-01
3.060000e+01,4.215336e-01,5.392332e-01
3.070000e+01,4.186413e-01,5.406794e-01
3.080000e+01,4.157824e-01,5.421088e-01
3.090000e+01,4.129572e-01,5.435214e-01
3.100000e+01,4.101657e-01,5.449172e-01
3.110000e+01,4.074079e-01,5.462961e-01
3.120000e+01,4.046840e-01,5.476580e-01
3.130000e+01,4.019940e-01,5.490030e-01
3.140000e+01,3.993381e-01,5.503310e-01
3.150000e+01,3.967162e-01,5.516419e-01
3.160000e+01,3.941286e-01,5.529357e-01
3.170000e+01,3.915751e-01,5.542124e-01
3.180000e+01,3.890560e-01,5.554720e-01
3.190000e+01,3.865712e-01,5.567144e-01
3.200000e+01,3.841208e-01,5.579396e-01
3.210000e+01,3.817048e-01,5.591476e-01
3.220000e+01,3.793233e-01,5.603383e-01
3.230000e+01,3.769764e-01,5.615118e-01
3.240000e+01,3.746640e-01,5.626680e-01
3.250000e+01,3.723862e-01,5.638069e-01
3.260000e+01,3.701430e-01,5.649285e-01
3.270000e+01,3.679344e-01,5.660328e-01
3.280000e+01,3.657605e-01,5.671198e-01
3.290000e+01,3.636212e-01,5.681894e-01
3.300000e+01,3.615166e-01,5.692417e-01
3.310000e+01,3.594467e-01,5.702767e-01
3.320000e+01,3.574114e-01,5.712943e-01
3.330000e+01,3.554109e-01,5.722946e-01
3.340000e+01,3.534449e-01,5.732775e-01
3.350000e+01,3.515137e-01,5.742432e-01
3.360000e+01,3.496170e-01,5.751915e-01
3.370000e+01,3.477550e-01,5.761225e-01
3.380000e+01,3.459275e-01,5.770363e-01
3.390000e+01,3.441346e-01,5.779327e-01
3.400000e+01,3.423762e-01,5.788119e-01
3.410000e+01,3.406523e-01,5.796739e-01
3.420000e+01,3.389628e-01,5.805186e-01
3.430000e+01,3.373077e-01,5.813461e-01
3.440000e+01,3.356870e-01,5.821565e-01
3.450000e+01,3.341006e-01,5.829497e-01
3.460000e+01,3.325484e-01,5.837258e-01
3.470000e+01,3.310304e-01,5.844848e-01
3.480000e+01,3.295464e-01,5.852268e-01
3.490000e+01,3.280966e-01,5.859517e-01
3.500000e+01,3.266807e-01,5.866597e-01
3.510000e+01,3.252987e-01,5.873507e-01
3.520000e+01,3.239505e-01,5.880247e-01
3.530000e+01,3.226361e-01,5.886820e-01
3.540000e+01,3.213553e-01,5.893224e-01
3.550000e+01,3.201081e-01,5.899460e-01
3.560000e+01,3.188943e-01,5.905529e-01
3.570000e+01,3.177139e-01,5.911430e-01
3.580000e+01,3.165668e-01,5.917166e-01
3.590000e+01,3.154528e-01,5.922736e-01
3.600000e+01,3.143719e-01,5.928140e-01
3.610000e+01,3.133240e-01,5.933380e-01
3.620000e+01,3.123088e-01,5.938456e-01
3.630000e+01,3.113264e-01,5.943368e-01
3.640000e+01,3.103766e-01,5.948117e-01
3.650000e+01,3.094593e-01,5.952703e-01
3.660000e+01,3.085743e-01,5.957128e-01
3.670000e+01,3.077215e-01,5.961392e-01
3.680000e+01,3.069009e-01,5.965496e-01
3.690000e+01,3.061121e-01,5.969439e-01
3.700000e+01,3.053552e-01,5.973224e-01
3.710000e+01,3.046299e-01,5.976850e-01
3.720000e+01,3.039362e-01,5.980319e-01
3.730000e+01,3.032738e-01,5.983631e-01
3.740000e+01,3.026427e-01,5.986787e-01
3.750000e+01,3.020426e-01,5.989787e-01
3.760000e+01,3.014734e-01,5.992633e-01
3.770000e+01,3.009350e-01,5.995325e-01
3.780000e+01,3.004271e-01,5.997864e-01
3.790000e+01,2.999497e-01,6.000251e-01
3.800000e+01,2.995026e-01,6.002487e-01
3.810000e+01,2.990855e-01,6.004572e-01
3.820000e+01,2.986984e-01,6.006508e-01
3.830000e+01,2.983410e-01,6.008295e-01
3.840000e+01,2.980131e-01,6.009934e-01
3.850000e+01,2.977147e-01,6.011427e-01
3.860000e+01,2.974454e-01,6.012773e-01
3.870000e+01,2.972051e-01,6.013974e-01
3.880000e+01,2.969937e-01,6.015031e-01
3.890000e+01,2.968109e-01,6.015945e-01
3.900000e+01,2.966566e-01,6.016717e-01
3.910000e+01,2.965305e-01,6.017348e-01
3.920000e+01,2.964324e-01,6.017838e-01
3.930000e+01,2.963623e-01,6.018189e-01
3.940000e+01,2.963197e-01,6.018401e-01
3.950000e+01,2.963046e-01,6.018477e-01
3.960000e+01,2.963168e-01,6.018416e-01
3.970000e+01,2.963560e-01,6.018220e-01
3.980000e+01,2.964220e-01,6.017890e-01
3.990000e+01,2.965147e-01,6.017427e-01
4.000000e+01,2.966338e-01,6.016831e-01
4.010000e+01,2.967790e-01,6.016105e-01
4.020000e+01,2.969502e-01,6.015249e-01
4.030000e+01,2.971472e-01,6.014264e-01
4.040000e+01,2.973698e-01,6.013151e-01
4.050000e+01,2.976176e-01,6.011912e-01
4.060000e+01,2.978906e-01,6.010547e-01
4.070000e+01,2.981884e-01,6.009058e-01
4.080000e+01,2.985108e-01,6.007446e-01
4.090000e+01,2.988577e-01,6.005711e-01
4.100000e+01,2.992288e-01,6.003856e-01
4.110000e+01,2.996238e-01,6.001881e-01
4.120000e+01,3.000425e-01,5.999787e-01
4.130000e+01,3.004848e-01,5.997576e-01
4.140000e+01,3.009503e-01,5.995249e-01
4.150000e+01,3.014388e-01,5.992806e-01
4.160000e+01,3.019501e-01,5.990250e-01
4.170000e+01,3.024839e-01,5.987580e-01
4.180000e+01,3.030401e-01,5.984800e-01
4.190000e+01,3.036183e-01,5.981909e-01
4.200000e+01,3.042183e-01,5.978908e-01
4.210000e+01,3.048399e-01,5.975800e-01
4.220000e+01,3.054829e-01,5.972585e-01
4.230000e+01,3.061470e-01,5.969265e-01
4.240000e+01,3.068319e-01,5.965841e-01
4.250000e+01,3.075373e-01,5.962313e-01
4.260000e+01,3.082632e-01,5.958684e-01
4.270000e+01,3.090091e-01,5.954954e-01
4.280000e+01,3.097750e-01,5.951125e-01
4.290000e+01,3.105604e-01,5.947198e-01
4.300000e+01,3.113651e-01,5.943174e-01
4.310000e+01,3.121890e-01,5.939055e-01
4.320000e+01,3.130317e-01,5.934841e-01
4.330000e+01,3.138931e-01,5.930535e-01
4.340000e+01,3.147727e-01,5.926136e-01
4.350000e+01,3.156705e-01,5.921648e-01
4.360000e+01,3.165861e-01,5.917070e-01
4.370000e+01,3.175193e-01,5.912404e-01
4.380000e+01,3.184698e-01,5.907651e-01
4.390000e+01,3.194374e-01,5.902813e-01
4.400000e+01,3.204218e-01,5.897891e-01
4.410000e+01,3.214228e-01,5.892886e-01
4.420000e+01,3.224400e-01,5.887800e-01
4.430000e+01,3.234734e-01,5.882633e-01
4.440000e+01,3.245225e-01,5.877388e-01
4.450000e+01,3.255872e-01,5.872064e-01
4.460000e+01,3.266671e-01,5.866664e-01
4.470000e+01,3.277621e-01,5.861190e-01
4.480000e+01,3.288718e-01,5.855641e-01
4.490000e+01,3.299961e-01,5.850020e-01
4.500000e+01,3.311345e-01,5.844327e-01
4.510000e+01,3.322870e-01,5.838565e-01
4.520000e+01,3.334533e-01,5.832734e-01
4.530000e+01,3.346330e-01,5.826835e-01
4.540000e+01,3.358259e-01,5.820870e-01
4.550000e+01,3.370318e-01,5.814841e-01
4.560000e+01,3.382505e-01,5.808748e-01
4.570000e+01,3.394815e-01,5.802592e-01
4.580000e+01,3.407248e-01,5.796376e-01
4.590000e+01,3.419801e-01,5.790100e-01
4.600000e+01,3.432470e-01,5.783765e-01
4.610000e+01,3.445253e-01,5.777373e-01
4.620000e+01,3.458149e-01,5.770926e-01
4.630000e+01,3.471153e-01,5.764423e-01
4.640000e+01,3.484265e-01,5.757868e-01
4.650000e+01,3.497480e-01,5.751260e-01
4.660000e+01,3.510797e-01,5.744601e-01
4.670000e+01,3.524214e-01,5.737893e-01
4.680000e+01,3.537727e-01,5.731137e-01
4.690000e+01,3.551334e-01,5.724333e-01
4.700000e+01,3.565033e-01,5.717484e-01
4.710000e+01,3.578821e-01,5.710590e-01
4.720000e+01,3.592695e-01,5.703652e-01
4.730000e+01,3.606654e-01,5.696673e-01
4.740000e+01,3.620695e-01,5.689653e-01
4.750000e+01,3.634814e-01,5.682593e-01
4.760000e+01,3.649011e-01,5.675495e-01
4.770000e+01,3.663282e-01,5.668359e-01
4.780000e+01,3.677624e-01,5.661188e-01
4.790000e+01,3.692036e-01,5.653982e-01
4.800000e+01,3.706516e-01,5.646742e-01
4.810000e+01,3.721059e-01,5.639470e-01
4.820000e+01,3.735665e-01,5.632167e-01
4.830000e+01,3.750331e-01,5.624835e-01
4.840000e+01,3.765054e-01,5.617473e-01
4.850000e+01,3.779832e-01,5.610084e-01
4.860000e+01,3.794663e-01,5.602669e-01
4.870000e+01,3.809544e-01,5.595228e-01
4.880000e+01,3.824473e-01,5.587763e-01
4.890000e+01,3.839448e-01,5.580276e-01
4.900000e+01,3.854466e-01,5.572767e-01
4.910000e+01,3.869525e-01,5.565237e-01
4.920000e+01,3.884623e-01,5.557689e-01
4.930000e+01,3.899757e-01,5.550122e-01
4.940000e+01,3.914925e-01,5.542537e-01
4.950000e+01,3.930125e-01,5.534937e-01
4.960000e+01,3.945355e-01,5.527322e-01
4.970000e+01,3.960612e-01,5.519694e-01
4.980000e+01,3.975895e-01,5.512053e-01
4.990000e+01,3.991200e-01,5.504400e-01
5.000000e+01,4.006526e-01,5.496737e-01
5.010000e+01,4.021871e-01,5.489065e-01
5.020000e+01,4.037232e-01,5.481384e-01
5.030000e+01,4.052607e-01,5.473697e-01
5.040000e+01,4.067994e-01,5.466003e-01
5.050000e+01,4.083392e-01,5.458304e-01
5.060000e+01,4.098797e-01,5.450602e-01
5.070000e+01,4.114208e-01,5.442896e-01
5.080000e+01,4.129622e-01,5.435189e-01
5.090000e+01,4.145039e-01,5.427481e-01
5.100000e+01,4.160454e-01,5.419773e-01
5.110000e+01,4.175868e-01,5.412066e-01
5.120000e+01,4.191276e-01,5.404362e-01
5.130000e+01,4.206679e-01,5.396661e-01
5.140000e+01,4.222072e-01,5.388964e-01
5.150000e+01,4.237456e-01,5.381272e-01
5.160000e+01,4.252826e-01,5.373587e-01
5.170000e+01,4.268183e-01,5.365909e-01
5.180000e+01,4.283523e-01,5.358239e-01
5.190000e+01,4.298845e-01,5.350578e-01
5.200000e+01,4.314146e-01,5.342927e-01
5.210000e+01,4.329426e-01,5.335287e-01
5.220000e+01,4.344682e-01,5.327659e-01
5.230000e+01,4.359912e-01,5.320044e-01
5.240000e+01,4.375115e-01,5.312443e-01
5.250000e+01,4.390288e-01,5.304856e-01
5.260000e+01,4.405430e-01,5.297285e-01
5.270000e+01,4.420539e-01,5.289730e-01
5.280000e+01,4.435614e-01,5.282193e-01
5.290000e+01,4.450652e-01,5.274674e-01
5.300000e+01,4.465652e-01,5.267174e-01
5.310000e+01,4.480612e-01,5.259694e-01
5.320000e+01,4.495530e-01,5.252235e-01
5.330000e+01,4.510406e-01,5.244797e-01
5.340000e+01,4.525236e-01,5.237382e-01
5.350000e+01,4.540020e-01,5.229990e-01
5.360000e+01,4.554756e-01,5.222622e-01
5.370000e+01,4.569443e-01,5.215279e-01
5.380000e+01,4.584078e-01,5.207961e-01
5.390000e+01,4.598660e-01,5.200670e-01
5.400000e+01,4.613188e-01,5.193406e-01
5.410000e+01,4.627659e-01,5.186170e-01
5.420000e+01,4.642074e-01,5.178963e-01
5.430000e+01,4.656429e-01,5.171785e-01
5.440000e+01,4.670725e-01,5.164638e-01
5.450000e+01,4.684958e-01,5.157521e-01
5.460000e+01,4.699128e-01,5.150436e-01
5.470000e+01,4.713234e-01,5.143383e-01
5.480000e+01,4.727274e-01,5.136363e-01
5.490000e+01,4.741246e-01,5.129377e-01
5.500000e+01,4.755149e-01,5.122425e-01
5.510000e+01,4.768982e-01,5.115509e-01
5.520000e+01,4.782744e-01,5.108628e-01
5.530000e+01,4.796434e-01,5.101783e-01
5.540000e+01,4.810049e-01,5.094976e-01
5.550000e+01,4.823589e-01,5.088206e-01
5.560000e+01,4.837053e-01,5.081474e-01
5.570000e+01,4.850438e-01,5.074781e-01
5.580000e+01,4.863745e-01,5.068127e-01
5.590000e+01,4.876972e-01,5.061514e-01
5.600000e+01,4.890118e-01,5.054941e-01
5.610000e+01,4.903182e-01,5.048409e-01
5.620000e+01,4.916161e-01,5.041919e-01
5.630000e+01,4.929057e-01,5.035472e-01
5.640000e+01,4.941866e-01,5.029067e-01
5.650000e+01,4.954589e-01,5.022705e-01
5.660000e+01,4.967225e-01,5.016388e-01
5.670000e+01,4.979771e-01,5.010115e-01
5.680000e+01,4.992227e-01,5.003886e-01
5.690000e+01,5.004593e-01,4.997703e-01
5.700000e+01,5.016867e-01,4.991566e-01
5.710000e+01,5.029048e-01,4.985476e-01
5.720000e+01,5.041136e-01,4.979432e-01
5.730000e+01,5.053129e-01,4.973435e-01
5.740000e+01,5.065027e-01,4.967487e-01
5.750000e+01,5.076828e-01,4.961586e-01
5.760000e+01,5.088532e-01,4.955734e-01
5.770000e+01,5.100139e-01,4.949931e-01
5.780000e+01,5.111646e-01,4.944177e-01
5.790000e+01,5.123054e-01,4.938473e-01
5.800000e+01,5.134361e-01,4.932819e-01
5.810000e+01,5.145568e-01,4.927216e-01
5.820000e+01,5.156672e-01,4.921664e-01
5.830000e+01,5.167674e-01,4.916163e-01
5.840000e+01,5.178573e-01,4.910714e-01
5.850000e+01,5.189367e-01,4.905316e-01
5.860000e+01,5.200057e-01,4.899971e-01
5.870000e+01,5.210642e-01,4.894679e-01
5.880000e+01,5.221121e-01,4.889440e-01
5.890000e+01,5.231493e-01,4.884253e-01
5.900000e+01,5.241758e-01,4.879121e-01
5.910000e+01,5.251916e-01,4.874042e-01
5.920000e+01,5.261965e-01,4.869017e-01
5.930000e+01,5.271906e-01,4.864047e-01
5.940000e+01,5.281738e-01,4.859131e-01
5.950000e+01,5.291459e-01,4.854270e-01
5.960000e+01,5.301071e-01,4.849465e-01
5.970000e+01,5.310571e-01,4.844714e-01
5.980000e+01,5.319961e-01,4.840019e-01
5.990000e+01,5.329239e-01,4.835380e-01
6.000000e+01,5.338405e-01,4.830797e-01
6.010000e+01,5.347459e-01,4.826270e-01
6.020000e+01,5.356400e-01,4.821800e-01
6.030000e+01,5.365228e-01,4.817386e-01
6.040000e+01,5.373943e-01,4.813029e-01
6.050000e+01,5.382544e-01,4.808728e-01
6.060000e+01,5.391031e-01,4.804485e-01
6.070000e+01,5.399404e-01,4.800298e-01
6.080000e+01,5.407662e-01,4.796169e-01
6.090000e+01,5.415805e-01,4.792098e-01
6.100000e+01,5.423833e-01,4.788083e-01
6.110000e+01,5.431746e-01,4.784127e-01
6.120000e+01,5.439544e-01,4.780228e-01
6.130000e+01,5.447226e-01,4.776387e-01
6.140000e+01,5.454792e-01,4.772604e-01
6.150000e+01,5.462242e-01,4.768879e-01
6.160000e+01,5.469576e-01,4.765212e-01
6.170000e+01,5.476794e-01,4.761603e-01
6.180000e+01,5.483896e-01,4.758052e-01
6.190000e+01,5.490881e-01,4.754559e-01
6.200000e+01,5.497750e-01,4.751125e-01
6.210000e+01,5.504502e-01,4.747749e-01
6.220000e+01,5.511138e-01,4.744431e-01
6.230000e+01,5.517658e-01,4.741171e-01
6.240000e+01,5.524060e-01,4.737970e-01
6.250000e+01,5.530347e-01,4.734827e-01
6.260000e+01,5.536516e-01,4.731742e-01
6.270000e+01,5.542570e-01,4.728715e-01
6.280000e+01,5.548507e-01,4.725747e-01
6.290000e+01,5.554327e-01,4.722836e-01
6.300000e+01,5.560032e-01,4.719984e-01
6.310000e+01,5.565620e-01,4.717190e-01
6.320000e+01,5.571092e-01,4.714454e-01
6.330000e+01,5.576449e-01,4.711776e-01
6.340000e+01,5.581689e-01,4.709155e-01
6.350000e+01,5.586814e-01,4.706593e-01
6.360000e+01,5.591824e-01,4.704088e-01
6.370000e+01,5.596718e-01,4.701641e-01
6.380000e+01,5.601498e-01,4.699251e-01
6.390000e+01,5.606162e-01,4.696919e-01
6.400000e+01,5.610712e-01,4.694644e-01
6.410000e+01,5.615148e-01,4.692426e-01
6.420000e+01,5.619470e-01,4.690265e-01
6.430000e+01,5.623677e-01,4.688161e-01
6.440000e+01,5.627772e-01,4.686114e-01
6.450000e+01,5.631753e-01,4.684124e-01
6.460000e+01,5.635621e-01,4.682190e-01
6.470000e+01,5.639377e-01,4.680312e-01
6.480000e+01,5.643020e-01,4.678490e-01
6.490000e+01,5.646551e-01,4.676724e-01
6.500000e+01,5.649971e-01,4.675014e-01
6.510000e+01,5.653280e-01,4.673360e-01
6.520000e+01,5.656478e-01,4.671761e-01
6.530000e+01,5.659565e-01,4.670217e-01
6.540000e+01,5.662543e-01,4.668729e-01
6.550000e+01,5.665410e-01,4.667295e-01
6.560000e+01,5.668169e-01,4.665915e-01
6.570000e+01,5.670819e-01,4.664590e-01
6.580000e+01,5.673361e-01,4.663320e-01
6.590000e+01,5.675795e-01,4.662103e-01
6.600000e+01,5.678121e-01,4.660939e-01
6.610000e+01,5.680341e-01,4.659829e-01
6.620000e+01,5.682454e-01,4.658773e-01
6.630000e+01,5.684462e-01,4.657769e-01
6.640000e+01,5.686364e-01,4.656818e-01
6.650000e+01,5.688161e-01,4.655919e-01
6.660000e+01,5.689855e-01,4.655073e-01
6.670000e+01,5.691444e-01,4.654278e-01
6.680000e+01,5.692930e-01,4.653535e-01
6.690000e+01,5.694314e-01,4.652843e-01
6.700000e+01,5.695595e-01,4.652202e-01
6.710000e+01,5.696775e-01,4.651612e-01
6.720000e+01,5.697855e-01,4.651073e-01
6.730000e+01,5.698834e-01,4.650583e-01
6.740000e+01,5.699713e-01,4.650144e-01
6.750000e+01,5.700493e-01,4.649753e-01
6.760000e+01,5.701175e-01,4.649412e-01
6.770000e+01,5.701759e-01,4.649120e-01
6.780000e+01,5.702246e-01,4.648877e-01
6.790000e+01,5.702637e-01,4.648682e-01
6.800000e+01,5.702931e-01,4.648534e-01
6.810000e+01,5.703131e-01,4.648435e-01
6.820000e+01,5.703236e-01,4.648382e-01
6.830000e+01,5.703247e-01,4.648376e-01
6.840000e+01,5.703165e-01,4.648417e-01
6.850000e+01,5.702991e-01,4.648504e-01
6.860000e+01,5.702725e-01,4.648637e-01
6.870000e+01,5.702368e-01,4.648816e-01
6.880000e+01,5.701921e-01,4.649039e-01
6.890000e+01,5.701384e-01,4.649308e-01
6.900000e+01,5.700759e-01,4.649621e-01
6.910000e+01,5.700045e-01,4.649977e-01
6.920000e+01,5.699244e-01,4.650378e-01
6.930000e+01,5.698357e-01,4.650822e-01
6.940000e+01,5.697383e-01,4.651308e-01
6.950000e+01,5.696325e-01,4.651838e-01
6.960000e+01,5.695182e-01,4.652409e-01
6.970000e+01,5.693956e-01,4.653022e-01
6.980000e+01,5.692647e-01,4.653677e-01
6.990000e+01,5.691256e-01,4.654372e-01
7.000000e+01,5.689784e-01,4.655108e-01
7.010000e+01,5.688231e-01,4.655884e-01
7.020000e+01,5.686599e-01,4.656700e-01
7.030000e+01,5.684888e-01,4.657556e-01
7.040000e+01,5.683100e-01,4.658450e-01
7.050000e+01,5.681234e-01,4.659383e-01
7.060000e+01,5.679291e-01,4.660354e-01
7.070000e+01,5.677273e-01,4.661363e-01
7.080000e+01,5.675181e-01,4.662410e-01
7.090000e+01,5.673014e-01,4.663493e-01
7.100000e+01,5.670775e-01,4.664613e-01
7.110000e+01,5.668463e-01,4.665768e-01
7.120000e+01,5.666080e-01,4.666960e-01
7.130000e+01,5.663626e-01,4.668187e-01
7.140000e+01,5.661103e-01,4.669448e-01
7.150000e+01,5.658511e-01,4.670745e-01
7.160000e+01,5.655851e-01,4.672075e-01
7.170000e+01,5.653124e-01,4.673438e-01
7.180000e+01,5.650330e-01,4.674835e-01
7.190000e+01,5.647471e-01,4.676264e-01
7.200000e+01,5.644548e-01,4.677726e-01
7.210000e+01,5.641560e-01,4.679220e-01
7.220000e+01,5.638510e-01,4.680745e-01
7.230000e+01,5.635398e-01,4.682301e-01
7.240000e+01,5.632225e-01,4.683887e-01
7.250000e+01,5.628992e-01,4.685504e-01
7.260000e+01,5.625699e-01,4.687150e-01
7.270000e+01,5.622348e-01,4.688826e-01
7.280000e+01,5.618939e-01,4.690530e-01
7.290000e+01,5.615474e-01,4.692263e-01
7.300000e+01,5.611952e-01,4.694024e-01
7.310000e+01,5.608376e-01,4.695812e-01
7.320000e+01,5.604746e-01,4.697627e-01
7.330000e+01,5.601062e-01,4.699469e-01
7.340000e+01,5.597326e-01,4.701337e-01
7.350000e+01,5.593539e-01,4.703231e-01
7.360000e+01,5.589701e-01,4.705150e-01
7.370000e+01,5.585813e-01,4.707094e-01
7.380000e+01,5.581876e-01,4.709062e-01
7.390000e+01,5.577892e-01,4.711054e-01
7.400000e+01,5.573860e-01,4.713070e-01
7.410000e+01,5.569783e-01,4.715109e-01
7.420000e+01,5.565660e-01,4.717170e-01
7.430000e+01,5.561492e-01,4.719254e-01
7.440000e+01,5.557281e-01,4.721359e-01
7.450000e+01,5.553028e-01,4.723486e-01
7.460000e+01,5.548732e-01,4.725634e-01
7.470000e+01,5.544396e-01,4.727802e-01
7.480000e+01,5.540020e-01,4.729990e-01
7.490000e+01,5.535604e-01,4.732198e-01
7.500000e+01,5.531151e-01,4.734425e-01
7.510000e+01,5.526659e-01,4.736670e-01
7.520000e+01,5.522132e-01,4.738934e-01
7.530000e+01,5.517568e-01,4.741216e-01
7.540000e+01,5.512970e-01,4.743515e-01
7.550000e+01,5.508338e-01,4.745831e-01
7.560000e+01,5.503673e-01,4.748164e-01
7.570000e+01,5.498975e-01,4.750512e-01
7.580000e+01,5.494246e-01,4.752877e-01
7.590000e+01,5.489487e-01,4.755256e-01
7.600000e+01,5.484698e-01,4.757651e-01
7.610000e+01,5.479880e-01,4.760060e-01
7.620000e+01,5.475035e-01,4.762483e-01
7.630000e+01,5.470162e-01,4.764919e-01
7.640000e+01,5.465263e-01,4.767369e-01
7.650000e+01,5.460338e-01,4.769831e-01
7.660000e+01,5.455389e-01,4.772305e-01
7.670000e+01,5.450417e-01,4.774792e-01
7.680000e+01,5.445421e-01,4.777290e-01
7.690000e+01,5.440403e-01,4.779798e-01
7.700000e+01,5.435364e-01,4.782318e-01
7.710000e+01,5.430305e-01,4.784848e-01
7.720000e+01,5.425226e-01,4.787387e-01
7.730000e+01,5.420128e-01,4.789936e-01
7.740000e+01,5.415012e-01,4.792494e-01
7.750000e+01,5.409879e-01,4.795060e-01
7.760000e+01,5.404730e-01,4.797635e-01
7.770000e+01,5.399565e-01,4.800218e-01
7.780000e+01,5.394385e-01,4.802807e-01
7.790000e+01,5.389191e-01,4.805404e-01
7.800000e+01,5.383985e-01,4.808008e-01
7.810000e+01,5.378765e-01,4.810617e-01
7.820000e+01,5.373535e-01,4.813233e-01
7.830000e+01,5.368293e-01,4.815854e-01
7.840000e+01,5.363041e-01,4.818479e-01
7.850000e+01,5.357780e-01,4.821110e-01
7.860000e+01,5.352511e-01,4.823745e-01
7.870000e+01,5.347233e-01,4.826383e-01
7.880000e+01,5.341949e-01,4.829025e-01
7.890000e+01,5.336658e-01,4.831671e-01
7.900000e+01,5.331362e-01,4.834319e-01
7.910000e+01,5.326061e-01,4.836969e-01
7.920000e+01,5.320757e-01,4.839622e-01
7.930000e+01,5.315448e-01,4.842276e-01
7.940000e+01,5.310138e-01,4.844931e-01
7.950000e+01,5.304825e-01,4.847588e-01
7.960000e+01,5.299511e-01,4.850244e-01
7.970000e+01,5.294197e-01,4.852902e-01
7.980000e+01,5.288883e-01,4.855559e-01
7.990000e+01,5.283570e-01,4.858215e-01
8.000000e+01,5.278259e-01,4.860871e-01
8.010000e+01,5.272950e-01,4.863525e-01
8.020000e+01,5.267644e-01,4.866178e-01
8.030000e+01,5.262342e-01,4.868829e-01
8.040000e+01,5.257044e-01,4.871478e-01
8.050000e+01,5.251751e-01,4.874124e-01
8.060000e+01,5.246464e-01,4.876768e-01
8.070000e+01,5.241183e-01,4.879408e-01
8.080000e+01,5.235910e-01,4.882045e-01
8.090000e+01,5.230644e-01,4.884678e-01
8.100000e+01,5.225387e-01,4.887307e-01
8.110000e+01,5.220138e-01,4.889931e-01
8.120000e+01,5.214899e-01,4.892551e-01
8.130000e+01,5.209670e-01,4.895165e-01
8.140000e+01,5.204452e-01,4.897774e-01
8.150000e+01,5.199246e-01,4.900377e-01
8.160000e+01,5.194051e-01,4.902974e-01
8.170000e+01,5.188869e-01,4.905565e-01
8.180000e+01,5.183701e-01,4.908150e-01
8.190000e+01,5.178546e-01,4.910727e-01
8.200000e+01,5.173405e-01,4.913297e-01
8.210000e+01,5.168280e-01,4.915860e-01
8.220000e+01,5.163170e-01,4.918415e-01
8.230000e+01,5.158076e-01,4.920962e-01
8.240000e+01,5.152999e-01,4.923500e-01
8.250000e+01,5.147939e-01,4.926030e-01
8.260000e+01,5.142897e-01,4.928551e-01
8.270000e+01,5.137873e-01,4.931063e-01
8.280000e+01,5.132868e-01,4.933566e-01
8.290000e+01,5.127882e-01,4.936059e-01
8.300000e+01,5.122916e-01,4.938542e-01
8.310000e+01,5.117971e-01,4.941015e-01
8.320000e+01,5.113046e-01,4.943477e-01
8.330000e+01,5.108143e-01,4.945929e-01
8.340000e+01,5.103261e-01,4.948369e-01
8.350000e+01,5.098402e-01,4.950799e-01
8.360000e+01,5.093566e-01,4.953217e-01
8.370000e+01,5.088753e-01,4.955624e-01
8.380000e+01,5.083964e-01,4.958018e-01
8.390000e+01,5.079198e-01,4.960401e-01
8.400000e+01,5.074458e-01,4.962771e-01
8.410000e+01,5.069743e-01,4.965129e-01
8.420000e+01,5.065053e-01,4.967474e-01
8.430000e+01,5.060389e-01,4.969805e-01
8.440000e+01,5.055752e-01,4.972124e-01
8.450000e+01,5.051141e-01,4.974429e-01
8.460000e+01,5.046558e-01,4.976721e-01
8.470000e+01,5.042002e-01,4.978999e-01
8.480000e+01,5.037475e-01,4.981263e-01
8.490000e+01,5.032976e-01,4.983512e-01
8.500000e+01,5.028505e-01,4.985747e-01
8.510000e+01,5.024064e-01,4.987968e-01
8.520000e+01,5.019652e-01,4.990174e-01
8.530000e+01,5.015271e-01,4.992365e-01
8.540000e+01,5.010919e-01,4.994540e-01
8.550000e+01,5.006599e-01,4.996701e-01
8.560000e+01,5.002309e-01,4.998846e-01
8.570000e+01,4.998050e-01,5.000975e-01
8.580000e+01,4.993824e-01,5.003088e-01
8.590000e+01,4.989629e-01,5.005186e-01
8.600000e+01,4.985466e-01,5.007267e-01
8.610000e+01,4.981337e-01,5.009332e-01
8.620000e+01,4.977240e-01,5.011380e-01
8.630000e+01,4.973176e-01,5.013412e-01
8.640000e+01,4.969146e-01,5.015427e-01
8.650000e+01,4.965149e-01,5.017425e-01
8.660000e+01,4.961187e-01,5.019407e-01
8.670000e+01,4.957259e-01,5.021370e-01
8.680000e+01,4.953366e-01,5.023317e-01
8.690000e+01,4.949507e-01,5.025246e-01
8.700000e+01,4.945684e-01,5.027158e-01
8.710000e+01,4.941896e-01,5.029052e-01
8.720000e+01,4.938144e-01,5.030928e-01
8.730000e+01,4.934427e-01,5.032786e-01
8.740000e+01,4.930747e-01,5.034627e-01
8.750000e+01,4.927103e-01,5.036449e-01
8.760000e+01,4.923495e-01,5.038252e-01
8.770000e+01,4.919924e-01,5.040038e-01
8.780000e+01,4.916390e-01,5.041805e-01
8.790000e+01,4.912893e-01,5.043553e-01
8.800000e+01,4.909434e-01,5.045283e-01
8.810000e+01,4.906012e-01,5.046994e-01
8.820000e+01,4.902628e-01,5.048686e-01
8.830000e+01,4.899281e-01,5.050359e-01
8.840000e+01,4.895973e-01,5.052014e-01
8.850000e+01,4.892702e-01,5.053649e-01
8.860000e+01,4.889470e-01,5.055265e-01
8.870000e+01,4.886277e-01,5.056862e-01
8.880000e+01,4.883122e-01,5.058439e-01
8.890000e+01,4.880005e-01,5.059997e-01
8.900000e+01,4.876928e-01,5.061536e-01
8.910000e+01,4.873889e-01,5.063055e-01
8.920000e+01,4.870890e-01,5.064555e-01
8.930000e+01,4.867930e-01,5.066035e-01
8.940000e+01,4.865009e-01,5.067495e-01
8.950000e+01,4.862128e-01,5.068936e-01
8.960000e+01,4.859286e-01,5.070357e-01
8.970000e+01,4.856483e-01,5.071758e-01
8.980000e+01,4.853720e-01,5.073140e-01
8.990000e+01,4.850997e-01,5.074501e-01
9.000000e+01,4.848314e-01,5.075843e-01
9.010000e+01,4.845671e-01,5.077165e-01
9.020000e+01,4.843067e-01,5.078466e-01
9.030000e+01,4.840504e-01,5.079748e-01
9.040000e+01,4.837980e-01,5.081010e-01
9.050000e+01,4.835497e-01,5.082252e-01
9.060000e+01,4.833053e-01,5.083473e-01
9.070000e+01,4.830650e-01,5.084675e-01
9.080000e+01,4.828287e-01,5.085857e-01
9.090000e+01,4.825964e-01,5.087018e-01
9.100000e+01,4.823681e-01,5.088160e-01
9.110000e+01,4.821438e-01,5.089281e-01
9.120000e+01,4.819235e-01,5.090382e-01
9.130000e+01,4.817073e-01,5.091463e-01
9.140000e+01,4.814951e-01,5.092525e-01
9.150000e+01,4.812869e-01,5.093566e-01
9.160000e+01,4.810826e-01,5.094587e-01
9.170000e+01,4.808824e-01,5.095588e-01
9.180000e+01,4.806863e-01,5.096569e-01
9.190000e+01,4.804941e-01,5.097530e-01
9.200000e+01,4.803059e-01,5.098471e-01
9.210000e+01,4.801217e-01,5.099392e-01
9.220000e+01,4.799415e-01,5.100293e-01
9.230000e+01,4.797652e-01,5.101174e-01
9.240000e+01,4.795930e-01,5.102035e-01
9.250000e+01,4.794247e-01,5.102877e-01
9.260000e+01,4.792604e-01,5.103698e-01
9.270000e+01,4.791000e-01,5.104500e-01
9.280000e+01,4.789436e-01,5.105282e-01
9.290000e+01,4.787911e-01,5.106045e-01
9.300000e+01,4.786425e-01,5.106787e-01
9.310000e+01,4.784979e-01,5.107510e-01
9.320000e+01,4.783572e-01,5.108214e-01
9.330000e+01,4.782204e-01,5.108898e-01
9.340000e+01,4.780874e-01,5.109563e-01
9.350000e+01,4.779584e-01,5.110208e-01
9.360000e+01,4.778332e-01,5.110834e-01
9.370000e+01,4.777119e-01,5.111441e-01
9.380000e+01,4.775944e-01,5.112028e-01
9.390000e+01,4.774807e-01,5.112596e-01
9.400000e+01,4.773709e-01,5.113146e-01
9.410000e+01,4.772648e-01,5.113676e-01
9.420000e+01,4.771626e-01,5.114187e-01
9.430000e+01,4.770641e-01,5.114679e-01
9.440000e+01,4.769694e-01,5.115153e-01
9.450000e+01,4.768784e-01,5.115608e-01
9.460000e+01,4.767912e-01,5.116044e-01
9.470000e+01,4.767077e-01,5.116462e-01
9.480000e+01,4.766278e-01,5.116861e-01
9.490000e+01,4.765517e-01,5.117242e-01
9.500000e+01,4.764792e-01,5.117604e-01
9.510000e+01,4.764104e-01,5.117948e-01
9.520000e+01,4.763452e-01,5.118274e-01
9.530000e+01,4.762836e-01,5.118582e-01
9.540000e+01,4.762255e-01,5.118872e-01
9.550000e+01,4.761711e-01,5.119144e-01
9.560000e+01,4.761202e-01,5.119399e-01
9.570000e+01,4.760729e-01,5.119636e-01
9.580000e+01,4.760290e-01,5.119855e-01
9.590000e+01,4.759887e-01,5.120057e-01
9.600000e+01,4.759518e-01,5.120241e-01
9.610000e+01,4.759184e-01,5.120408e-01
9.620000e+01,4.758884e-01,5.120558e-01
9.630000e+01,4.758618e-01,5.120691e-01
9.640000e+01,4.758386e-01,5.120807e-01
9.650000e+01,4.758188e-01,5.120906e-01
9.660000e+01,4.758024e-01,5.120988e-01
9.670000e+01,4.757892e-01,5.121054e-01
9.680000e+01,4.757793e-01,5.121103e-01
9.690000e+01,4.757728e-01,5.121136e-01
9.700000e+01,4.757694e-01,5.121153e-01
9.710000e+01,4.757694e-01,5.121153e-01
9.720000e+01,4.757725e-01,5.121138e-01
9.730000e+01,4.757788e-01,5.121106e-01
9.740000e+01,4.757882e-01,5.121059e-01
9.750000e+01,4.758008e-01,5.120996e-01
9.760000e+01,4.758165e-01,5.120918e-01
9.770000e+01,4.758353e-01,5.120824e-01
9.780000e+01,4.758571e-01,5.120715e-01
9.790000e+01,4.758820e-01,5.120590e-01
9.800000e+01,4.759098e-01,5.120451e-01
9.810000e+01,4.759407e-01,5.120297e-01
9.820000e+01,4.759745e-01,5.120128e-01
9.830000e+01,4.760112e-01,5.119944e-01
9.840000e+01,4.760509e-01,5.119746e-01
9.850000e+01,4.760934e-01,5.119533e-01
9.860000e+01,4.761387e-01,5.119306e-01
9.870000e+01,4.761869e-01,5.119065e-01
9.880000e+01,4.762379e-01,5.118810e-01
9.890000e+01,4.762917e-01,5.118542e-01
9.900000e+01,4.763481e-01,5.118259e-01
9.910000e+01,4.764073e-01,5.117963e-01
9.920000e+01,4.764692e-01,5.117654e-01
9.930000e+01,4.765338e-01,5.117331e-01
9.940000e+01,4.766009e-01,5.116995e-01
9.950000e+01,4.766707e-01,5.116647e-01
9.960000e+01,4.767430e-01,5.116285e-01
9.970000e+01,4.768179e-01,5.115910e-01
9.980000e+01,4.768953e-01,5.115524e-01
9.990000e+01,4.769752e-01,5.115124e-01
1.000000e+02,4.770575e-01,5.114712e-01
1.001000e+02,4.771423e-01,5.114289e-01
1.002000e+02,4.772294e-01,5.113853e-01
1.003000e+02,4.773190e-01,5.113405e-01
1.004000e+02,4.774108e-01,5.112946e-01
1.005000e+02,4.775050e-01,5.112475e-01
1.006000e+02,4.776015e-01,5.111993e-01
1.007000e+02,4.777002e-01,5.111499e-01
1.008000e+02,4.778011e-01,5.110994e-01
1.009000e+02,4.779043e-01,5.110479e-01
1.010000e+02,4.780095e-01,5.109952e-01
1.011000e+02,4.781170e-01,5.109415e-01
1.012000e+02,4.782265e-01,5.108868e-01
1.013000e+02,4.783381e-01,5.108310e-01
1.014000e+02,4.784517e-01,5.107741e-01
1.015000e+02,4.785674e-01,5.107163e-01
1.016000e+02,4.786850e-01,5.106575e-01
1.017000e+02,4.788046e-01,5.105977e-01
1.018000e+02,4.789261e-01,5.105369e-01
1.019000e+02,4.790495e-01,5.104752e-01
1.020000e+02,4.791748e-01,5.104126e-01
1.021000e+02,4.793019e-01,5.103491e-01
1.022000e+02,4.794307e-01,5.102846e-01
1.023000e+02,4.795614e-01,5.102193e-01
1.024000e+02,4.796938e-01,5.101531e-01
1.025000e+02,4.798279e-01,5.100860e-01
1.026000e+02,4.799637e-01,5.100181e-01
1.027000e+02,4.801011e-01,5.099494e-01
1.028000e+02,4.802402e-01,5.098799e-01
1.029000e+02,4.803808e-01,5.098096e-01
1.030000e+02,4.805230e-01,5.097385e-01
1.031000e+02,4.806668e-01,5.096666e-01
1.032000e+02,4.808120e-01,5.095940e-01
1.033000e+02,4.809587e-01,5.095206e-01
1.034000e+02,4.811068e-01,5.094466e-01
1.035000e+02,4.812564e-01,5.093718e-01
1.036000e+02,4.814073e-01,5.092964e-01
1.037000e+02,4.815596e-01,5.092202e-01
1.038000e+02,4.817131e-01,5.091434e-01
1.039000e+02,4.818680e-01,5.090660e-01
1.040000e+02,4.820241e-01,5.089879e-01
1.041000e+02,4.821815e-01,5.089093e-01
1.042000e+02,4.823400e-01,5.088300e-01
1.043000e+02,4.824997e-01,5.087501e-01
1.044000e+02,4.826606e-01,5.086697e-01
1.045000e+02,4.828225e-01,5.085887e-01
1.046000e+02,4.829856e-01,5.085072e-01
1.047000e+02,4.831496e-01,5.084252e-01
1.048000e+02,4.833147e-01,5.083426e-01
1.049000e+02,4.834808e-01,5.082596e-01
1.050000e+02,4.836479e-01,5.081761e-01
1.051000e+02,4.838159e-01,5.080921e-01
1.052000e+02,4.839847e-01,5.080076e-01
1.053000e+02,4.841545e-01,5.079228e-01
1.054000e+02,4.843251e-01,5.078375e-01
1.055000e+02,4.844965e-01,5.077517e-01
1.056000e+02,4.846687e-01,5.076656e-01
1.057000e+02,4.848417e-01,5.075792e-01
1.058000e+02,4.850154e-01,5.074923e-01
1.059000e+02,4.851898e-01,5.074051e-01
1.060000e+02,4.853648e-01,5.073176e-01
1.061000e+02,4.855405e-01,5.072297e-01
1.062000e+02,4.857168e-01,5.071416e-01
1.063000e+02,4.858938e-01,5.070531e-01
1.064000e+02,4.860712e-01,5.069644e-01
1.065000e+02,4.862492e-01,5.068754e-01
1.066000e+02,4.864278e-01,5.067861e-01
1.067000e+02,4.866068e-01,5.066966e-01
1.068000e+02,4.867862e-01,5.066069e-01
1.069000e+02,4.869661e-01,5.065170e-01
1.070000e+02,4.871463e-01,5.064268e-01
1.071000e+02,4.873270e-01,5.063365e-01
1.072000e+02,4.875080e-01,5.062460e-01
1.073000e+02,4.876893e-01,5.061554e-01
1.074000e+02,4.878709e-01,5.060646e-01
1.075000e+02,4.880527e-01,5.059736e-01
1.076000e+02,4.882348e-01,5.058826e-01
1.077000e+02,4.884171e-01,5.057914e-01
1.078000e+02,4.885996e-01,5.057002e-01
1.079000e+02,4.887823e-01,5.056089e-01
1.080000e+02,4.889651e-01,5.055175e-01
1.081000e+02,4.891480e-01,5.054260e-01
1.082000e+02,4.893310e-01,5.053345e-01
1.083000e+02,4.895140e-01,5.052430e-01
1.084000e+02,4.896971e-01,5.051514e-01
1.085000e+02,4.898802e-01,5.050599e-01
1.086000e+02,4.900633e-01,5.049683e-01
1.087000e+02,4.902464e-01,5.048768e-01
1.088000e+02,4.904294e-01,5.047853e-01
1.089000e+02,4.906123e-01,5.046939e-01
1.090000e+02,4.907951e-01,5.046024e-01
1.091000e+02,4.909778e-01,5.045111e-01
1.092000e+02,4.911603e-01,5.044198e-01
1.093000e+02,4.913427e-01,5.043287e-01
1.094000e+02,4.915248e-01,5.042376e-01
1.095000e+02,4.917067e-01,5.041466e-01
1.096000e+02,4.918884e-01,5.040558e-01
1.097000e+02,4.920698e-01,5.039651e-01
1.098000e+02,4.922509e-01,5.038745e-01
1.099000e+02,4.924318e-01,5.037841e-01
1.100000e+02,4.926122e-01,5.036939e-01
1.101000e+02,4.927924e-01,5.036038e-01
1.102000e+02,4.929721e-01,5.035139e-01
1.103000e+02,4.931515e-01,5.034243e-01
1.104000e+02,4.933304e-01,5.033348e-01
1.105000e+02,4.935089e-01,5.032455e-01
1.106000e+02,4.936870e-01,5.031565e-01
1.107000e+02,4.938645e-01,5.030677e-01
1.108000e+02,4.940416e-01,5.029792e-01
1.109000e+02,4.942182e-01,5.028909e-01
1.110000e+02,4.943942e-01,5.028029e-01
1.111000e+02,4.945696e-01,5.027152e-01
1.112000e+02,4.947445e-01,5.026277e-01
1.113000e+02,4.949188e-01,5.025406e-01
1.114000e+02,4.950925e-01,5.024538e-01
1.115000e+02,4.952655e-01,5.023672e-01
1.116000e+02,4.954379e-01,5.022810e-01
1.117000e+02,4.956096e-01,5.021952e-01
1.118000e+02,4.957807e-01,5.021097e-01
1.119000e+02,4.959510e-01,5.020245e-01
1.120000e+02,4.961206e-01,5.019397e-01
1.121000e+02,4.962895e-01,5.018552e-01
1.122000e+02,4.964576e-01,5.017712e-01
1.123000e+02,4.966250e-01,5.016875e-01
1.124000e+02,4.967916e-01,5.016042e-01
1.125000e+02,4.969573e-01,5.015213e-01
1.126000e+02,4.971223e-01,5.014389e-01
1.127000e+02,4.972864e-01,5.013568e-01
1.128000e+02,4.974496e-01,5.012752e-01
1.129000e+02,4.976120e-01,5.011940e-01
1.130000e+02,4.977735e-01,5.011132e-01
1.131000e+02,4.979341e-01,5.010329e-01
1.132000e+02,4.980938e-01,5.009531e-01
1.133000e+02,4.982526e-01,5.008737e-01
1.134000e+02,4.984104e-01,5.007948e-01
1.135000e+02,4.985673e-01,5.007163e-01
1.136000e+02,4.987232e-01,5.006384e-01
1.137000e+02,4.988782e-01,5.005609e-01
1.138000e+02,4.990321e-01,5.004840e-01
1.139000e+02,4.991850e-01,5.004075e-01
1.140000e+02,4.993369e-01,5.003315e-01
1.141000e+02,4.994878e-01,5.002561e-01
1.142000e+02,4.996377e-01,5.001812e-01
1.143000e+02,4.997864e-01,5.001068e-01
1.144000e+02,4.999341e-01,5.000329e-01
1.145000e+02,5.000808e-01,4.999596e-01
1.146000e+02,5.002263e-01,4.998869e-01
1.147000e+02,5.003707e-01,4.998146e-01
1.148000e+02,5.005140e-01,4.997430e-01
1.149000e+02,5.006562e-01,4.996719e-01
1.150000e+02,5.007973e-01,4.996014e-01
1.151000e+02,5.009372e-01,4.995314e-01
1.152000e+02,5.010760e-01,4.994620e-01
1.153000e+02,5.012136e-01,4.993932e-01
1.154000e+02,5.013500e-01,4.993250e-01
1.155000e+02,5.014852e-01,4.992574e-01
1.156000e+02,5.016192e-01,4.991904e-01
1.157000e+02,5.017521e-01,4.991240e-01
1.158000e+02,5.018837e-01,4.990582e-01
1.159000e+02,5.020141e-01,4.989930e-01
1.160000e+02,5.021433e-01,4.989284e-01
1.161000e+02,5.022712e-01,4.988644e-01
1.162000e+02,5.023979e-01,4.988010e-01
1.163000e+02,5.025233e-01,4.987383e-01
1.164000e+02,5.026475e-01,4.986762e-01
1.165000e+02,5.027705e-01,4.986148e-01
1.166000e+02,5.028921e-01,4.985540e-01
1.167000e+02,5.030125e-01,4.984938e-01
1.168000e+02,5.031315e-01,4.984342e-01
1.169000e+02,5.032493e-01,4.983753e-01
1.170000e+02,5.033658e-01,4.983171e-01
1.171000e+02,5.034810e-01,4.982595e-01
1.172000e+02,5.035949e-01,4.982026e-01
1.173000e+02,5.037074e-01,4.981463e-01
1.174000e+02,5.038187e-01,4.980907e-01
1.175000e+02,5.039286e-01,4.980357e-01
1.176000e+02,5.040372e-01,4.979814e-01
1.177000e+02,5.041444e-01,4.979278e-01
1.178000e+02,5.042503e-01,4.978748e-01
1.179000e+02,5.043549e-01,4.978225e-01
1.180000e+02,5.044581e-01,4.977709e-01
1.181000e+02,5.045600e-01,4.977200e-01
1.182000e+02,5.046605e-01,4.976697e-01
1.183000e+02,5.047597e-01,4.976202e-01
1.184000e+02,5.048575e-01,4.975713e-01
1.185000e+02,5.049539e-01,4.975231e-01
1.186000e+02,5.050490e-01,4.974755e-01
1.187000e+02,5.051427e-01,4.974287e-01
1.188000e+02,5.052350e-01,4.973825e-01
1.189000e+02,5.053259e-01,4.973370e-01
1.190000e+02,5.054155e-01,4.972922e-01
1.191000e+02,5.055037e-01,4.972481e-01
1.192000e+02,5.055905e-01,4.972047e-01
1.193000e+02,5.056760e-01,4.971620e-01
1.194000e+02,5.057600e-01,4.971200e-01
1.195000e+02,5.058427e-01,4.970786e-01
1.196000e+02,5.059240e-01,4.970380e-01
1.197000e+02,5.060039e-01,4.969980e-01
1.198000e+02,5.060825e-01,4.969588e-01
1.199000e+02,5.061596e-01,4.969202e-01
1.200000e+02,5.062354e-01,4.968823e-01
1.201000e+02,5.063098e-01,4.968451e-01
1.202000e+02,5.063828e-01,4.968086e-01
1.203000e+02,5.064544e-01,4.967728e-01
1.204000e+02,5.065246e-01,4.967377e-01
1.205000e+02,5.065935e-01,4.967033e-01
1.206000e+02,5.066609e-01,4.966695e-01
1.207000e+02,5.067270e-01,4.966365e-01
1.208000e+02,5.067917e-01,4.966041e-01
1.209000e+02,5.068551e-01,4.965725e-01
1.210000e+02,5.069170e-01,4.965415e-01
1.211000e+02,5.069776e-01,4.965112e-01
1.212000e+02,5.070369e-01,4.964816e-01
1.213000e+02,5.070947e-01,4.964526e-01
1.214000e+02,5.071512e-01,4.964244e-01
1.215000e+02,5.072063e-01,4.963968e-01
1.216000e+02,5.072601e-01,4.963699e-01
1.217000e+02,5.073125e-01,4.963437e-01
1.218000e+02,5.073636e-01,4.963182e-01
1.219000e+02,5.074133e-01,4.962934e-01
1.220000e+02,5.074617e-01,4.962692e-01
1.221000e+02,5.075087e-01,4.962457e-01
1.222000e+02,5.075544e-01,4.962228e-01
1.223000e+02,5.075987e-01,4.962007e-01
1.224000e+02,5.076417e-01,4.961791e-01
1.225000e+02,5.076834e-01,4.961583e-01
1.226000e+02,5.077237e-01,4.961381e-01
1.227000e+02,5.077628e-01,4.961186e-01
1.228000e+02,5.078005e-01,4.960997e-01
1.229000e+02,5.078369e-01,4.960815e-01
1.230000e+02,5.078720e-01,4.960640e-01
1.231000e+02,5.079058e-01,4.960471e-01
1.232000e+02,5.079384e-01,4.960308e-01
1.233000e+02,5.079696e-01,4.960152e-01
1.234000e+02,5.079995e-01,4.960002e-01
1.235000e+02,5.080282e-01,4.959859e-01
1.236000e+02,5.080556e-01,4.959722e-01
1.237000e+02,5.080817e-01,4.959592e-01
1.238000e+02,5.081065e-01,4.959467e-01
1.239000e+02,5.081302e-01,4.959349e-01
1.240000e+02,5.081525e-01,4.959237e-01
1.241000e+02,5.081736e-01,4.959132e-01
1.242000e+02,5.081935e-01,4.959033e-01
1.243000e+02,5.082121e-01,4.958939e-01
1.244000e+02,5.082296e-01,4.958852e-01
1.245000e+02,5.082458e-01,4.958771e-01
1.246000e+02,5.082607e-01,4.958696e-01
1.247000e+02,5.082745e-01,4.958627e-01
1.248000e+02,5.082871e-01,4.958564e-01
1.249000e+02,5.082985e-01,4.958507e-01
1.250000e+02,5.083088e-01,4.958456e-01
1.251000e+02,5.083178e-01,4.958411e-01
1.252000e+02,5.083257e-01,4.958372e-01
1.253000e+02,5.083324e-01,4.958338e-01
1.254000e+02,5.083380e-01,4.958310e-01
1.255000e+02,5.083424e-01,4.958288e-01
1.256000e+02,5.083457e-01,4.958272e-01
1.257000e+02,5.083479e-01,4.958261e-01
1.258000e+02,5.083489e-01,4.958256e-01
1.259000e+02,5.083488e-01,4.958256e-01
1.260000e+02,5.083476e-01,4.958262e-01
1.261000e+02,5.083454e-01,4.958273e-01
1.262000e+02,5.083420e-01,4.958290e-01
1.263000e+02,5.083376e-01,4.958312e-01
1.264000e+02,5.083321e-01,4.958340e-01
1.265000e+02,5.083255e-01,4.958372e-01
1.266000e+02,5.083179e-01,4.958411e-01
1.267000e+02,5.083092e-01,4.958454e-01
1.268000e+02,5.082995e-01,4.958502e-01
1.269000e+02,5.082888e-01,4.958556e-01
1.270000e+02,5.082771e-01,4.958615e-01
1.271000e+02,5.082643e-01,4.958678e-01
1.272000e+02,5.082506e-01,4.958747e-01
1.273000e+02,5.082358e-01,4.958821e-01
1.274000e+02,5.082201e-01,4.958900e-01
1.275000e+02,5.082034e-01,4.958983e-01
1.276000e+02,5.081858e-01,4.959071e-01
1.277000e+02,5.081671e-01,4.959164e-01
1.278000e+02,5.081476e-01,4.959262e-01
1.279000e+02,5.081271e-01,4.959364e-01
1.280000e+02,5.081057e-01,4.959471e-01
1.281000e+02,5.080834e-01,4.959583e-01
1.282000e+02,5.080602e-01,4.959699e-01
1.283000e+02,5.080360e-01,4.959820e-01
1.284000e+02,5.080110e-01,4.959945e-01
1.285000e+02,5.079851e-01,4.960074e-01
1.286000e+02,5.079584e-01,4.960208e-01
1.287000e+02,5.079308e-01,4.960346e-01
1.288000e+02,5.079024e-01,4.960488e-01
1.289000e+02,5.078731e-01,4.960635e-01
1.290000e+02,5.078430e-01,4.960785e-01
1.291000e+02,5.078120e-01,4.960940e-01
1.292000e+02,5.077803e-01,4.961098e-01
1.293000e+02,5.077478e-01,4.961261e-01
1.294000e+02,5.077145e-01,4.961428e-01
1.295000e+02,5.076804e-01,4.961598e-01
1.296000e+02,5.076455e-01,4.961772e-01
1.297000e+02,5.076099e-01,4.961950e-01
1.298000e+02,5.075736e-01,4.962132e-01
1.299000e+02,5.075365e-01,4.962317e-01
1.300000e+02,5.074987e-01,4.962506e-01
1.301000e+02,5.074602e-01,4.962699e-01
1.302000e+02,5.074210e-01,4.962895e-01
1.303000e+02,5.073811e-01,4.963095e-01
1.304000e+02,5.073405e-01,4.963298e-01
1.305000e+02,5.072992e-01,4.963504e-01
1.306000e+02,5.072573e-01,4.963714e-01
1.307000e+02,5.072147e-01,4.963927e-01
1.308000e+02,5.071715e-01,4.964143e-01
1.309000e+02,5.071276e-01,4.964362e-01
1.310000e+02,5.070832e-01,4.964584e-01
1.311000e+02,5.070381e-01,4.964810e-01
1.312000e+02,5.069924e-01,4.965038e-01
1.313000e+02,5.069461e-01,4.965269e-01
1.314000e+02,5.068993e-01,4.965504e-01
1.315000e+02,5.068519e-01,4.965741e-01
1.316000e+02,5.068039e-01,4.965980e-01
1.317000e+02,5.067554e-01,4.966223e-01
1.318000e+02,5.067064e-01,4.966468e-01
1.319000e+02,5.066568e-01,4.966716e-01
1.320000e+02,5.066067e-01,4.966966e-01
1.321000e+02,5.065561e-01,4.967219e-01
1.322000e+02,5.065050e-01,4.967475e-01
1.323000e+02,5.064535e-01,4.967733e-01
1.324000e+02,5.064014e-01,4.967993e-01
1.325000e+02,5.063489e-01,4.968255e-01
1.326000e+02,5.062960e-01,4.968520e-01
1.327000e+02,5.062426e-01,4.968787e-01
1.328000e+02,5.061887e-01,4.969056e-01
1.329000e+02,5.061345e-01,4.969328e-01
1.330000e+02,5.060798e-01,4.969601e-01
1.331000e+02,5.060247e-01,4.969876e-01
1.332000e+02,5.059693e-01,4.970154e-01
1.333000e+02,5.059134e-01,4.970433e-01
1.334000e+02,5.058572e-01,4.970714e-01
1.335000e+02,5.058007e-01,4.970997e-01
1.336000e+02,5.057437e-01,4.971281e-01
1.337000e+02,5.056865e-01,4.971568e-01
1.338000e+02,5.056289e-01,4.971856e-01
1.339000e+02,5.055710e-01,4.972145e-01
1.340000e+02,5.055128e-01,4.972436e-01
1.341000e+02,5.054543e-01,4.972729e-01
1.342000e+02,5.053954e-01,4.973023e-01
1.343000e+02,5.053364e-01,4.973318e-01
1.344000e+02,5.052770e-01,4.973615e-01
1.345000e+02,5.052174e-01,4.973913e-01
1.346000e+02,5.051575e-01,4.974212e-01
1.347000e+02,5.050974e-01,4.974513e-01
1.348000e+02,5.050371e-01,4.974815e-01
1.349000e+02,5.049765e-01,4.975118e-01
1.350000e+02,5.049157e-01,4.975421e-01
1.351000e+02,5.048547e-01,4.975726e-01
1.352000e+02,5.047936e-01,4.976032e-01
1.353000e+02,5.047322e-01,4.976339e-01
1.354000e+02,5.046707e-01,4.976646e-01
1.355000e+02,5.046090e-01,4.976955e-01
1.356000e+02,5.045472e-01,4.977264e-01
1.357000e+02,5.044852e-01,4.977574e-01
1.358000e+02,5.044231e-01,4.977885e-01
1.359000e+02,5.043608e-01,4.978196e-01
1.360000e+02,5.042984e-01,4.978508e-01
1.361000e+02,5.042360e-01,4.978820e-01
1.362000e+02,5.041734e-01,4.979133e-01
1.363000e+02,5.041107e-01,4.979446e-01
1.364000e+02,5.040480e-01,4.979760e-01
1.365000e+02,5.039851e-01,4.980074e-01
1.366000e+02,5.039223e-01,4.980389e-01
1.367000e+02,5.038593e-01,4.980703e-01
1.368000e+02,5.037963e-01,4.981018e-01
1.369000e+02,5.037333e-01,4.981334e-01
1.370000e+02,5.036702e-01,4.981649e-01
1.371000e+02,5.036072e-01,4.981964e-01
1.372000e+02,5.035441e-01,4.982280e-01
1.373000e+02,5.034810e-01,4.982595e-01
1.374000e+02,5.034179e-01,4.982910e-01
1.375000e+02,5.033548e-01,4.983226e-01
1.376000e+02,5.032918e-01,4.983541e-01
1.377000e+02,5.032288e-01,4.983856e-01
1.378000e+02,5.031658e-01,4.984171e-01
1.379000e+02,5.031028e-01,4.984486e-01
1.380000e+02,5.030399e-01,4.984800e-01
1.381000e+02,5.029771e-01,4.985114e-01
1.382000e+02,5.029144e-01,4.985428e-01
1.383000e+02,5.028517e-01,4.985742e-01
1.384000e+02,5.027891e-01,4.986054e-01
1.385000e+02,5.027266e-01,4.986367e-01
1.386000e+02,5.026642e-01,4.986679e-01
1.387000e+02,5.026019e-01,4.986990e-01
1.388000e+02,5.025397e-01,4.987301e-01
1.389000e+02,5.024777e-01,4.987612e-01
1.390000e+02,5.024158e-01,4.987921e-01
1.391000e+02,5.023540e-01,4.988230e-01
1.392000e+02,5.022923e-01,4.988538e-01
1.393000e+02,5.022308e-01,4.988846e-01
1.394000e+02,5.021695e-01,4.989152e-01
1.395000e+02,5.021083e-01,4.989458e-01
1.396000e+02,5.020474e-01,4.989763e-01
1.397000e+02,5.019865e-01,4.990067e-01
1.398000e+02,5.019259e-01,4.990370e-01
1.399000e+02,5.018655e-01,4.990673e-01
1.400000e+02,5.018052e-01,4.990974e-01
1.401000e+02,5.017452e-01,4.991274e-01
1.402000e+02,5.016854e-01,4.991573e-01
1.403000e+02,5.016258e-01,4.991871e-01
1.404000e+02,5.015664e-01,4.992168e-01
1.405000e+02,5.015072e-01,4.992464e-01
1.406000e+02,5.014483e-01,4.992758e-01
1.407000e+02,5.013897e-01,4.993052e-01
1.408000e+02,5.013312e-01,4.993344e-01
1.409000e+02,5.012731e-01,4.993635e-01
1.410000e+02,5.012152e-01,4.993924e-01
1.411000e+02,5.011575e-01,4.994212e-01
1.412000e+02,5.011002e-01,4.994499e-01
1.413000e+02,5.010431e-01,4.994785e-01
1.414000e+02,5.009863e-01,4.995069e-01
1.415000e+02,5.009298e-01,4.995351e-01
1.416000e+02,5.008735e-01,4.995632e-01
1.417000e+02,5.008176e-01,4.995912e-01
1.418000e+02,5.007620e-01,4.996190e-01
1.419000e+02,5.007067e-01,4.996467e-01
1.420000e+02,5.006517e-01,4.996742e-01
1.421000e+02,5.005970e-01,4.997015e-01
1.422000e+02,5.005427e-01,4.997287e-01
1.423000e+02,5.004886e-01,4.997557e-01
1.424000e+02,5.004349e-01,4.997825e-01
1.425000e+02,5.003816e-01,4.998092e-01
1.426000e+02,5.003286e-01,4.998357e-01
1.427000e+02,5.002759e-01,4.998620e-01
1.428000e+02,5.002236e-01,4.998882e-01
1.429000e+02,5.001717e-01,4.999142e-01
1.430000e+02,5.001201e-01,4.999400e-01
1.431000e+02,5.000688e-01,4.999656e-01
1.432000e+02,5.000180e-01,4.999910e-01
1.433000e+02,4.999675e-01,5.000163e-01
1.434000e+02,4.999174e-01,5.000413e-01
1.435000e+02,4.998677e-01,5.000662e-01
1.436000e+02,4.998183e-01,5.000908e-01
1.437000e+02,4.997694e-01,5.001153e-01
1.438000e+02,4.997208e-01,5.001396e-01
1.439000e+02,4.996726e-01,5.001637e-01
1.440000e+02,4.996248e-01,5.001876e-01
1.441000e+02,4.995775e-01,5.002113e-01
1.442000e+02,4.995305e-01,5.002347e-01
1.443000e+02,4.994840e-01,5.002580e-01
1.444000e+02,4.994378e-01,5.002811e-01
1.445000e+02,4.993921e-01,5.003040e-01
1.446000e+02,4.993468e-01,5.003266e-01
1.447000e+02,4.993019e-01,5.003491e-01
1.448000e+02,4.992574e-01,5.003713e-01
1.449000e+02,4.992134e-01,5.003933e-01
1.450000e+02,4.991697e-01,5.004151e-01
1.451000e+02,4.991266e-01,5.004367e-01
1.452000e+02,4.990838e-01,5.004581e-01
1.453000e+02,4.990415e-01,5.004792e-01
1.454000e+02,4.989996e-01,5.005002e-01
1.455000e+02,4.989582e-01,5.005209e-01
1.456000e+02,4.989172e-01,5.005414e-01
1.457000e+02,4.988767e-01,5.005617e-01
1.458000e+02,4.988366e-01,5.005817e-01
1.459000e+02,4.987969e-01,5.006015e-01
1.460000e+02,4.987577e-01,5.006211e-01
1.461000e+02,4.987190e-01,5.006405e-01
1.462000e+02,4.986807e-01,5.006596e-01
1.463000e+02,4.986429e-01,5.006786e-01
1.464000e+02,4.986055e-01,5.006972e-01
1.465000e+02,4.985686e-01,5.007157e-01
1.466000e+02,4.985321e-01,5.007339e-01
1.467000e+02,4.984962e-01,5.007519e-01
1.468000e+02,4.984606e-01,5.007697e-01
1.469000e+02,4.984256e-01,5.007872e-01
1.470000e+02,4.983910e-01,5.008045e-01
1.471000e+02,4.983569e-01,5.008216e-01
1.472000e+02,4.983232e-01,5.008384e-01
1.473000e+02,4.982900e-01,5.008550e-01
1.474000e+02,4.982573e-01,5.008713e-01
1.475000e+02,4.982251e-01,5.008875e-01
1.476000e+02,4.981933e-01,5.009033e-01
1.477000e+02,4.981620e-01,5.009190e-01
1.478000e+02,4.981312e-01,5.009344e-01
1.479000e+02,4.981008e-01,5.009496e-01
1.480000e+02,4.980710e-01,5.009645e-01
1.481000e+02,4.980416e-01,5.009792e-01
1.482000e+02,4.980127e-01,5.009937e-01
1.483000e+02,4.979842e-01,5.010079e-01
1.484000e+02,4.979562e-01,5.010219e-01
1.485000e+02,4.979288e-01,5.010356e-01
1.486000e+02,4.979017e-01,5.010491e-01
1.487000e+02,4.978752e-01,5.010624e-01
1.488000e+02,4.978491e-01,5.010754e-01
1.489000e+02,4.978236e-01,5.010882e-01
1.490000e+02,4.977985e-01,5.011008e-01
1.491000e+02,4.977738e-01,5.011131e-01
1.492000e+02,4.977497e-01,5.011252e-01
1.493000e+02,4.977260e-01,5.011370e-01
1.494000e+02,4.977028e-01,5.011486e-01
1.495000e+02,4.976801e-01,5.011600e-01
1.496000e+02,4.976578e-01,5.011711e-01
1.497000e+02,4.976360e-01,5.011820e-01
1.498000e+02,4.976147e-01,5.011926e-01
1.499000e+02,4.975939e-01,5.012031e-01
1.500000e+02,4.975735e-01,5.012132e-01
1.501000e+02,4.975536e-01,5.012232e-01
